5000
1921
2486
764
3449
924
3110
3701
4718
1301
3225
885
4442
4104
184
3472
866
2439
4836
4185
208
3719
2781
3816
3564
3070
933
18
779
1289
1373
1236
723
2221
3989
3662
3112
2763
3640
4655
2452
2723
427
4997
417
1609
494
4814
4796
4874
768
3445
4434
4181
3434
3439
414
90
1215
4226
3133
760
377
2526
3933
2350
855
2665
1520
57
852
4070
4501
1787
2303
1080
1169
168
1176
1221
3982
3894
1769
3454
1621
123
1699
638
1292
4317
2078
4966
1571
353
4658
4524
1694
3523
2649
1654
1438
3717
424
352
792
1271
2299
888
4990
3145
1114
589
561
1619
2512
4815
2203
4214
4150
786
3075
2223
2102
4322
2012
2652
4436
275
1793
934
3652
4411
4599
3156
2297
2816
2084
2029
2151
3529
800
4324
508
4647
3658
4257
217
128
3359
3588
2482
3697
4227
2456
4270
1832
4807
2520
1304
758
2695
2157
3341
3749
3499
2767
2541
4203
858
2583
3363
1880
3269
3192
226
2474
4421
2648
3042
2559
154
485
3214
2986
4758
464
1067
813
3342
303
1218
2590
1200
45
3823
2880
3464
2542
4569
990
851
3563
4750
237
384
105
1338
3121
791
3048
3681
2298
3922
2675
2319
3836
4213
179
4036
4935
3025
2144
2449
2801
3490
4787
2146
4952
2353
3517
3852
478
804
4258
3317
788
4847
1472
3732
2667
3855
2057
283
176
4549
517
2565
3316
1517
653
3274
3161
1604
2250
3158
1510
2738
2881
1019
482
1370
3924
1963
2027
3942
2421
4022
4835
3741
1658
1896
2141
4959
3338
3174
4520
2517
4455
899
1993
3971
3841
4508
4574
2725
3975
2843
2420
1870
4908
2831
4065
4853
3418
4497
2068
3539
1498
4135
4191
4028
2887
2913
598
160
2861
4774
1760
634
2629
1575
2976
4454
2789
9
3424
4571
4777
1105
4430
2606
4308
3071
776
4407
2513
1251
4838
1821
458
1371
744
100
2133
1984
4668
1561
1025
2199
1086
3508
3798
290
1960
810
4719
720
3677
3646
1853
4110
3371
1545
3129
1540
4926
3543
3395
3419
2994
50
328
3574
751
2534
2205
2715
4596
469
1893
2727
2679
3594
3664
1094
2322
3780
2009
1803
156
2678
3604
2953
2244
4019
2435
3876
2305
2722
4526
136
927
1844
2091
245
1866
2155
2856
2035
125
1949
3186
1093
1705
4325
4137
26
4709
507
857
3815
2424
2410
1044
701
2710
1358
2346
2150
2873
3994
334
1074
622
916
1836
1767
798
971
656
844
3053
132
2209
32
3642
2870
2595
4413
3895
1348
537
3237
4277
3669
4742
3606
390
3305
2470
3080
2010
109
1147
241
1626
4588
983
3249
4848
1662
2138
1283
64
1286
140
2206
3720
4923
4560
4154
859
1676
3487
3917
3102
2900
212
3028
21
4447
4167
4464
1083
4932
4561
4744
3712
1095
966
2045
22
4644
1506
1669
996
1897
1456
1349
3197
3303
1777
4724
3106
1638
884
77
900
3399
2356
1693
4899
4063
4580
2224
611
4160
148
3959
4159
1806
4880
3162
1268
2646
2540
4949
4614
4145
3650
1087
3694
4283
488
1831
3847
3940
1552
4844
336
1284
2500
1981
4055
278
4799
942
4881
1743
1722
1202
4045
1368
3788
3568
1700
1313
4840
88
315
4406
2284
3559
3473
865
3288
4046
895
1612
1691
3331
757
4989
4594
3648
4364
3645
847
3095
2974
3748
612
2628
2007
4877
40
3850
1220
3992
4386
2483
4206
2754
1663
3538
263
4692
4293
3936
4199
3177
3693
3862
2693
2539
4970
2872
2351
3566
3779
2402
2694
2573
2522
3150
2314
3704
4735
4387
273
3956
2186
2015
2753
2640
1675
2597
2469
4513
16
4570
4296
997
3806
63
4482
1952
1084
4556
3685
3346
406
33
3647
284
2776
3740
510
4979
4900
1461
745
647
423
513
1900
2246
3416
1269
2038
2593
1611
1404
1986
476
4790
2877
411
3026
695
2328
2067
936
4947
3609
1310
1780
4410
2838
1651
1941
4476
216
1178
2574
3219
4958
1149
1248
830
2680
4667
1108
4328
536
1522
4916
3229
2396
901
248
409
716
1852
566
1462
4837
1191
748
4100
3923
700
4281
4608
2142
238
1773
2857
68
4220
943
1148
4749
3149
450
627
920
1245
2194
4475
3865
3540
1911
639
2190
3066
269
3343
3526
3589
1931
3666
2198
4682
2001
2790
1864
3996
4165
2956
27
878
4004
1276
1125
3489
1123
1497
1255
4888
3007
667
4629
2849
257
1258
1851
135
607
2228
1385
1287
2287
396
2833
4193
3035
138
3854
1057
3084
2430
2450
2576
3639
1765
4349
2195
618
4986
3915
1070
335
1531
3511
2527
3004
2214
2174
4223
58
3358
3804
124
3094
877
1741
1959
1042
4795
4930
1018
1905
2217
4120
1592
4675
3638
1107
422
2998
4035
2581
4210
1874
416
2594
2493
2905
2591
3442
2140
1126
4789
4353
2561
180
3879
3247
668
23
3482
3962
1389
4977
4806
2498
4196
555
3833
1908
107
711
3611
2557
169
4014
270
2062
4998
4153
2586
2304
2234
3792
2145
4350
2183
1016
2188
1840
121
3067
2588
2265
3739
340
44
1518
4793
1505
1932
2046
4975
426
1608
34
2598
4708
1856
4992
3315
1168
4088
4516
2992
710
3810
3799
4895
381
375
3155
4347
981
1241
1388
102
1954
235
2716
2387
4976
1161
2875
3632
2963
4164
1977
368
529
4543
2139
1429
948
4763
1239
2879
4551
3328
663
3995
1009
1427
356
4957
3553
1353
1137
954
4623
4002
3791
2783
4352
3206
552
2306
3721
3745
2700
3521
4040
3118
3115
2935
985
1144
3723
2607
3587
2131
1501
4812
1551
172
2476
2904
3050
3684
4639
2388
1920
4859
4994
2400
685
4773
1177
2215
1857
19
3190
1846
3565
2915
4188
1445
688
4515
1724
3061
1843
4635
2728
774
4743
897
907
4192
2893
4866
4933
2815
3707
1882
1746
691
3980
2180
4684
1659
1992
3558
3016
1718
130
2343
4518
3234
1485
4964
3215
2785
2704
2175
2642
113
3501
4383
2164
1392
98
3451
4558
3031
3997
2031
3494
4587
3533
1068
1928
4299
3670
4642
11
742
4183
4018
4127
3520
674
4503
1804
3208
1192
1097
1374
3189
4189
2556
2059
3254
122
2310
1695
3906
111
4798
1849
3772
1132
4365
400
265
1998
3238
2236
2661
3459
2461
1398
2921
2004
952
2553
2258
3496
890
41
941
1937
2706
2929
3765
2357
4893
4732
2689
850
1539
1771
2951
2839
4391
2631
2262
4506
3330
3200
4032
498
734
4042
4628
586
4927
1072
4344
1334
4811
1814
597
1872
3427
795
465
481
4182
2551
1232
1591
2746
1912
4314
4382
1642
585
2239
120
1109
3560
4720
1757
2462
1431
2278
1414
3132
3488
1791
3859
4211
1350
1185
13
2916
2137
3257
3696
4683
3124
264
1717
1035
1050
1344
4593
1526
3641
443
4531
1570
4996
809
4610
1253
793
1355
4435
721
1171
1739
2192
3329
1827
373
1801
3421
147
1848
753
2098
4821
4395
4138
3450
592
4637
4891
106
875
3211
4693
2134
2259
2658
4717
1482
4907
192
578
2115
1859
2735
371
2491
194
2339
2167
1634
4215
4461
144
541
660
4267
4539
1122
1593
1452
4245
1577
2684
1620
3364
297
2181
3830
3049
4071
454
2943
118
1966
4794
2163
1861
164
3105
719
2601
4166
3571
1491
3024
4890
3636
1956
898
2757
944
85
533
3808
587
1495
2393
493
504
2514
4673
1299
4472
1797
1747
266
1733
1360
1830
4175
2582
2717
2878
1165
3864
637
1671
2506
3349
2360
1936
523
3369
1307
1927
1999
3881
332
4714
4177
1227
1597
1237
429
1759
2602
3389
2349
2535
1962
2049
3064
1854
1607
3188
1828
2774
2827
4009
1040
175
2428
913
950
4936
2802
3782
1904
2096
3322
2382
1589
4583
906
1036
3207
2794
4869
4540
1357
2636
801
319
3318
1958
3387
1907
4240
3498
2737
310
3355
4876
2845
2621
1712
4872
2333
4463
4609
4792
4951
1653
4685
650
2288
2933
2784
288
2427
1704
1503
1281
1725
1996
3929
759
4235
1243
2941
2207
3935
3296
4108
4619
676
4827
436
3076
2415
1618
3092
4370
1752
2463
15
1689
4374
1318
2423
3108
1363
2256
4544
236
1160
4479
483
3173
803
2373
182
1446
110
4912
690
3840
2643
2733
772
2651
3062
364
3991
1153
1020
1533
3104
3903
3671
623
1910
207
2136
3655
1930
4725
1411
2472
312
4631
435
3468
3218
2761
819
2331
3127
2405
3613
2528
1557
1346
2615
2507
1030
462
3340
2018
2479
1295
4073
1049
225
1553
4015
3034
4646
4339
1421
1486
3968
4919
367
557
2662
4017
2377
4759
3233
659
550
3567
1339
2796
2329
1124
4585
967
4697
2432
2467
2503
4849
3307
2135
2458
864
496
4244
543
3964
1549
1598
620
2676
1790
116
3300
1103
3199
2094
4355
1720
4738
2731
2034
3069
2036
4775
2632
2811
3352
2090
2821
1133
1788
29
1736
2550
4779
3576
2788
2577
4319
3866
1229
366
4545
729
388
1546
3169
1194
3438
3777
1672
2103
276
3392
51
1798
4282
1610
1538
1092
3277
2311
3292
641
2954
3612
346
1154
3597
767
2777
2371
988
256
1481
3731
4722
3462
3047
4016
945
2854
1383
2569
3966
4323
2630
3943
2624
3015
4243
2828
2419
1568
3123
2990
4337
1056
1935
2182
2367
287
4438
4008
392
2440
2005
1983
4613
3404
2564
2325
1450
3634
2572
4385
1953
4229
928
2240
1032
2191
4134
2043
3691
3515
4098
540
376
1277
2791
1708
3796
808
4449
4147
2114
78
4530
1536
572
1661
1420
4254
17
4359
2271
2263
1017
4780
2436
3530
1563
3848
4755
3534
2502
4156
2147
4733
1891
4552
1871
2020
4483
4686
4723
4162
4375
2204
3868
3251
2122
65
2842
3425
2524
91
2938
2478
4180
4465
4058
601
2899
3250
4564
3657
1914
2070
4388
4851
3545
3802
4428
4678
2409
3140
1204
1306
4833
3111
1795
1212
1601
2172
1709
2840
868
3405
2911
2348
4728
2359
1262
2768
3361
3877
4828
1291
1467
2744
2040
2168
3990
4691
1375
3661
1627
2611
3245
2712
2970
348
1058
546
1884
565
47
4601
904
992
243
2584
2294
1521
3213
1059
3043
4993
3475
3763
2235
2197
52
4883
989
4854
4260
505
4802
210
4124
683
3077
4754
1314
1723
1512
2173
2336
3005
773
1628
3435
708
4467
705
1644
3203
1488
499
3628
4582
2032
3286
3298
3422
2934
2165
4489
3510
4340
3775
3295
1922
495
4771
1558
3759
428
2216
2659
1336
4948
3807
4054
2729
4654
1252
1470
1562
4402
4458
3073
762
2886
274
3624
2912
2548
1985
903
3088
155
1275
4595
4346
2105
763
2907
4163
651
591
2765
3951
2758
3386
1888
1244
2109
4409
4600
2457
1807
3372
4929
1847
1756
1265
664
1051
3038
4363
713
837
1190
3407
3083
2967
2099
293
2024
3562
2006
2289
1180
3212
4168
1437
633
3870
1811
3726
2052
4882
991
1008
1833
341
1455
4309
3880
3928
1069
3834
2338
3097
616
3204
3878
4329
4366
4902
72
2510
3018
908
2742
3276
2894
1579
3139
1955
2460
3963
2320
3491
260
2290
480
2389
2613
964
998
4894
2327
1696
1670
559
3946
1158
3711
1184
1238
3814
3653
62
4158
2044
3892
2823
3265
2446
3423
1328
2394
3557
2862
1726
882
770
1442
3099
1468
986
2152
1703
466
3045
1390
4813
2841
4006
2853
696
327
4094
4500
918
1496
654
4048
3253
1121
3481
2261
925
382
2721
4343
4937
4954
2867
3310
3598
1089
4061
1045
1055
2627
2385
3160
447
4412
1657
323
1892
2300
1104
4898
2884
2315
2995
3368
2125
2118
1934
506
4826
1247
2508
1761
1975
3287
1013
1965
2248
3144
95
2672
351
4711
4817
333
1950
4980
3191
2185
4242
2406
3897
3159
2824
4408
4679
1764
4873
3535
4102
4764
4400
610
1841
1873
976
2453
2016
2775
3406
2669
178
1649
4334
1774
3460
1834
1234
1710
2852
2836
3629
2813
4142
298
961
2685
4509
3722
923
2882
4878
4232
1514
1578
3967
2538
828
2213
2050
3044
3452
35
2650
4053
535
1673
1381
520
2101
4604
2555
2398
3509
1451
3165
2958
1810
3278
4273
3232
2762
4341
3263
3195
3500
518
296
1246
4968
2025
4060
825
1465
2760
892
4662
378
3682
272
4422
2924
657
271
4495
4761
4512
576
4829
547
817
542
350
3582
3643
1066
3497
1913
2028
625
4448
5000
1401
3552
609
706
2231
3978
519
4702
3753
3949
1048
339
1731
4107
4
3019
1594
2544
4471
3148
3519
420
2903
3958
2499
1458
2422
4099
4842
2100
1464
2489
3235
4676
4734
4115
4659
4602
1460
3180
528
1939
1987
4136
3668
3302
2251
1714
4112
3324
750
889
430
386
4207
4200
1151
198
2832
2071
2779
3846
2076
2154
3391
4403
531
2293
2088
1978
3649
1186
1120
3981
3193
28
3984
3637
3882
3965
4221
1542
267
4974
619
2939
2033
2413
4736
832
4105
3939
185
717
4606
3230
3902
3716
2749
905
1632
1617
4889
1290
1490
4603
395
1408
2065
357
1473
1412
2592
3202
2755
3493
3954
3826
606
2334
3838
200
2285
222
2414
665
1369
4546
4621
3370
455
2361
4591
1775
3201
2128
3626
754
1802
1242
4259
1329
3675
630
219
3921
4578
3480
1826
1091
2153
3153
3336
2124
3974
2466
20
1457
475
1065
4362
3175
2110
1809
2800
308
815
3801
3898
3927
1129
2041
86
2681
3674
4381
3689
1763
4712
3183
3408
600
4965
2219
3769
775
4681
4972
3581
1894
1678
3844
2274
3531
4074
957
3335
911
3027
1883
3120
3672
56
2895
149
2745
1127
3396
4143
3078
3057
2117
3737
4884
242
4928
3961
827
4924
3289
3476
3463
635
4307
3163
221
2532
1424
3383
4446
4727
4266
2623
4715
1560
1681
4209
468
3154
567
2
4398
4622
1274
4024
4834
2610
3436
560
2201
1282
511
354
4425
3858
3578
262
2635
614
3103
3869
3888
3713
4416
1256
648
2981
4278
1903
1973
4707
2386
4643
2647
3270
1319
4946
1674
951
2079
1845
826
2820
2931
1332
1022
2835
4179
2920
3766
1789
365
4335
457
4914
549
4726
4961
4981
3800
4384
316
2111
2807
3181
4710
1113
2390
2000
4517
968
101
879
1416
1636
202
4443
4439
3851
1325
2295
1298
1635
2189
1566
96
2087
4978
3813
4487
1559
840
4971
4255
1824
789
4868
1052
4887
1980
1031
2940
3241
4770
1027
1159
2671
2064
1101
4901
4269
1732
2713
2883
442
2060
1968
3957
3483
433
1000
1948
4845
71
3323
342
2657
4818
594
3977
1029
573
3134
2226
2471
1918
872
4498
1646
399
379
4850
251
4202
1957
3185
818
3665
1106
2237
2370
1499
956
1716
1728
344
190
4404
139
3382
1188
4357
4050
2159
2701
49
1719
3029
846
3960
2860
4304
4005
2187
2178
2127
4921
294
3890
953
2603
1933
2039
281
1441
83
1550
1098
255
3536
1143
4808
3831
4292
689
880
2249
2438
4466
3803
61
3157
2664
3122
2663
3580
1783
1007
1183
2497
4049
196
1715
3013
4087
4473
1564
3332
1483
4568
1606
3412
43
3087
1925
3091
707
584
1139
2809
4653
1254
1111
1855
441
472
3760
3925
3217
2254
4271
1890
3884
1915
4747
4043
4380
3264
473
37
4805
2121
1572
1523
500
1026
3402
82
1964
1039
4906
4663
3081
4311
253
4767
3952
3688
2492
860
3297
4264
1556
337
24
1976
910
4703
735
4462
2426
1817
1376
2726
1195
1487
1387
902
4327
3455
3821
1504
4238
4510
1648
2054
3592
914
2374
709
3819
3054
955
4664
978
2690
282
1480
4674
4940
4547
1043
10
4800
4698
2587
749
3410
1947
3000
1839
1991
446
590
1014
2947
4219
3679
4298
2982
3381
3130
3781
3905
3724
2316
3311
1201
4745
3348
4368
2770
306
4431
492
2772
2448
2848
995
343
738
2464
2688
3290
931
2230
3659
1990
534
1573
2447
1645
912
1813
3306
1784
3101
887
317
146
3281
92
1818
1205
2962
224
161
4626
46
3537
3010
3429
790
581
2804
3314
4051
3811
3695
3125
1688
94
199
2977
1099
460
1534
4011
2063
2806
4493
1320
3187
2399
4151
740
545
3916
1643
2233
682
4241
1943
3033
289
3590
4157
2179
162
4097
2384
4746
4778
3733
909
1197
66
3262
3886
1046
1302
2906
1156
2403
4660
4963
4161
2750
4149
2868
305
3551
3729
3790
152
3883
233
1341
4490
4204
4797
228
969
2808
1150
2536
4313
4170
277
4144
3486
666
67
1399
444
1297
2411
1152
3972
671
2080
2709
209
2580
4716
2257
1656
4766
3585
4942
3973
1972
784
1735
4757
2957
3930
2645
675
1434
3413
2618
4453
280
4962
2364
1402
1889
2639
4984
3143
4960
2829
2061
3911
3443
2352
873
3516
4247
2752
4225
4559
4864
2013
1345
3293
2053
3709
2888
4440
1250
3998
145
3774
302
359
1134
1754
2369
1233
4025
553
1203
4451
1938
1961
1989
722
129
3842
3345
1279
1685
3950
2834
2851
2983
451
2296
726
3291
3746
4705
141
3548
4456
2017
3914
470
4830
1630
4843
2407
1396
3610
4020
2638
3920
2778
4856
4624
4625
1433
4194
413
548
2354
3326
613
166
2484
1351
247
2625
4437
4557
452
3308
4092
3549
3683
1038
3114
2222
4174
2267
3380
3512
835
4326
687
839
2677
2132
807
3907
3440
1479
4694
1428
4706
1119
1484
2225
703
725
1508
3885
2286
2475
1875
4765
3492
724
849
4284
3210
4178
3887
1615
1967
3595
4130
4607
765
211
3478
2106
608
1782
3246
491
962
369
2525
1842
2562
2914
946
4535
4730
1270
2764
4491
4886
329
1037
3327
3663
4469
1257
42
84
1216
4295
3667
1529
574
3260
2575
2243
4768
2404
2270
4373
3904
2545
1706
4945
2952
3397
4047
2571
3466
2324
1379
1554
2560
3583
4093
3623
3430
2129
2332
649
2375
2644
3002
4320
1449
4274
1278
1664
1384
2301
1131
4470
2919
3616
4212
191
3058
1222
463
362
484
4514
1413
4478
2985
3845
4286
74
2107
2505
3867
4379
1225
223
1
2148
3222
4973
1906
4457
3384
2566
3301
69
3502
2844
3356
1365
2999
4953
715
1899
783
3891
4230
4819
823
3090
1478
4239
636
3339
3872
769
3757
3527
2930
4084
1300
965
2698
239
3678
2605
514
370
4083
3141
385
394
2948
3736
2431
4677
3223
4950
2797
4321
556
3113
3985
799
1969
4378
4197
3518
4910
3299
1028
3715
2980
2459
1198
4555
917
4031
181
3754
4459
2193
4879
1217
821
3280
4522
2429
3976
564
4358
1863
1729
38
3060
2973
415
3908
836
2208
1753
4822
2543
1342
3008
3021
3098
1422
1444
3767
4665
771
1214
4173
4419
702
3334
4096
4922
2309
3470
562
3020
70
1226
1352
2711
3411
932
4519
2381
4029
3730
838
1581
246
1260
1322
732
4825
232
1166
3871
2869
174
2991
3570
3945
2519
2075
55
2268
240
456
558
2741
1082
1711
4969
3072
3937
1515
2021
3244
4666
4762
747
4839
1794
2321
4224
285
4541
3236
3969
834
1946
291
926
3703
4756
4399
3374
4860
244
1435
4246
1173
2803
2989
994
1637
4505
679
320
1886
3417
2936
60
2511
1079
4638
75
4554
2066
3350
521
842
3514
2212
921
4424
3651
1259
3474
258
3378
2454
2392
2786
2987
1333
3152
2966
4589
445
1380
516
509
39
4234
489
787
134
1372
497
4072
2494
2984
1730
324
1331
524
833
4504
1071
1816
1249
477
1054
137
1440
3136
4417
2372
3171
1324
4649
4064
1792
2051
1223
1347
2312
1315
2855
692
4272
1665
4991
2600
432
1230
794
2515
2313
4389
3758
2812
1393
973
1493
1207
4566
2275
1640
2229
2910
1869
4450
2961
1354
401
4575
1064
2210
3913
3365
4776
1394
2444
3809
1293
2443
3228
2901
3456
114
204
3752
4760
2509
2670
4338
4640
131
3379
1623
1770
3550
1868
1660
4216
2871
3414
471
3
2391
4748
1567
4661
4617
1713
2732
1919
2022
3909
853
99
3755
4275
4579
2585
2019
3835
3822
2437
1565
3738
1537
2245
3630
1823
4846
3593
383
4187
3242
1629
1085
4680
4871
1613
739
3390
453
292
3220
2567
355
1580
2417
3901
4536
4486
3569
678
2942
4426
1377
4052
1199
163
3172
3178
4377
874
704
4494
1583
2433
3750
3768
1686
615
2425
3243
4250
3505
2908
2529
2730
746
3009
4786
81
1702
4119
1340
1684
2119
4081
919
4803
1879
4280
434
4565
309
467
167
4310
1235
186
3735
2014
2317
2859
2083
3932
4414
3184
527
419
76
1812
1001
4548
1680
2282
937
1418
3690
1995
3993
1679
3794
1647
2340
2614
1405
893
3944
48
1081
3116
3953
4103
3513
3354
575
1614
4671
3778
3258
4089
862
3644
4351
1808
4113
2885
2889
259
4026
4669
1002
2323
93
3282
2166
1305
1410
3495
605
631
3431
1294
3433
4393
544
684
3227
2702
4148
2568
3041
3824
3547
79
4316
1477
1053
2082
2477
4279
2641
1448
2692
1974
325
3319
304
876
3525
4141
4195
2865
4892
2792
1742
4155
3708
3614
1164
1034
3267
3137
2673
658
2558
3017
2130
4538
2093
816
2077
3063
2026
218
512
2666
439
2748
53
3205
2395
3762
4858
4315
959
1285
3261
1547
2617
4444
2170
3926
4256
970
643
4528
960
4248
2988
2330
2344
205
4857
1582
3744
947
3770
2280
2874
1602
2260
1698
279
3275
1005
397
4263
3948
1130
977
4106
1772
3544
2401
2979
979
2085
2578
214
2161
1668
686
1118
4737
854
4641
4139
3783
3618
230
4689
2608
602
3706
170
3542
4420
2337
2944
4896
3889
1419
1867
1768
2120
922
4109
2042
2202
4468
628
2616
824
2697
2620
1273
3619
3818
4648
1727
4125
311
4027
1356
1382
4532
1532
766
1073
2218
1494
595
1296
1406
4038
2897
2092
4252
486
1033
4870
698
3477
593
645
2950
3789
829
974
3457
883
3373
1077
1459
3805
1317
2232
569
2162
2959
2682
2945
4865
314
2072
3055
3142
3555
1740
805
2531
73
539
5
980
583
2609
2434
127
1135
1155
1641
14
1430
3541
1850
2909
4832
4318
3843
1527
3988
3198
3216
326
4931
3714
3128
2782
1471
3068
1924
3751
1179
133
3617
1492
4268
1530
4076
1822
2097
407
4831
669
405
3448
845
4477
1885
756
1362
3575
1541
2292
4563
1944
3743
3385
4634
4086
331
4000
4171
1878
640
3787
2822
1321
699
4632
2113
1010
3001
2817
3635
2171
3853
796
249
2949
2928
391
2660
4101
3579
2866
4394
797
3546
1687
2465
1047
440
4905
3918
3126
503
3360
718
4721
4405
3503
870
1024
3900
4146
4612
1090
4791
4116
1738
3040
2799
2703
2501
1172
1902
4499
2707
4983
1500
3828
752
193
2654
1078
2570
2355
31
2408
2481
1584
1569
4401
4573
3056
4824
2705
697
4184
4348
2200
474
1240
1750
3320
4059
4652
254
2653
4897
3484
1595
4938
2826
4114
2442
4788
1624
4218
3209
2069
2273
4205
1701
761
3860
3221
3268
4731
1209
2104
2771
4392
322
2335
3036
1337
4294
3687
1815
1023
1454
2864
4988
2272
2126
4312
3065
2975
1744
652
3607
4645
4904
1940
4769
2686
4816
1041
4484
1799
3079
360
2376
2773
2926
3485
3504
4855
4128
3467
3437
358
629
731
4481
1378
1887
3366
2368
307
1403
694
693
714
461
4172
165
2969
4415
299
4550
361
4360
4077
4003
250
313
393
349
1942
4057
632
2412
2736
4302
2002
403
3812
97
2996
4488
231
3082
1231
785
437
4955
153
1012
4577
2896
2696
3196
3085
3941
4217
2810
448
2416
2089
4289
4784
1997
3856
104
4123
2516
2769
2379
1136
1749
2266
4030
1543
886
3603
1666
4987
2281
4918
1359
4611
4511
3676
1762
4823
2318
2302
4616
3259
4372
3032
2968
1142
1189
3176
1330
681
195
3403
4985
1631
3194
4001
4657
3987
3507
599
3312
782
525
3046
3147
8
1524
3602
626
3825
4656
4740
4037
1838
1835
1923
2169
655
4920
4670
3344
4627
3899
1115
3680
410
730
2156
1021
2074
579
4751
3367
3795
3718
3742
4111
2691
930
54
2537
421
1805
1267
1006
1391
3605
4376
1476
2858
2211
737
321
4529
3692
2960
2176
642
1395
1507
4397
3179
3728
1555
4121
3272
4176
2637
3947
2496
201
3786
2850
1721
4687
4371
59
3351
1616
2003
3873
4356
4118
330
4911
3586
1272
4041
4605
1639
4534
1326
4056
3279
4553
2160
2805
4729
3428
588
479
3556
4039
4597
2095
3700
157
1361
2918
2719
4542
1862
6
4523
1174
1502
4841
1766
3528
2739
3039
3362
2955
3627
4885
3441
3271
1786
2925
3325
522
3705
1697
3839
1266
119
661
3849
143
2923
2227
4598
1667
3420
3446
1748
3309
2978
812
1112
1466
2798
2734
1308
4944
4903
3011
3426
2714
741
438
487
3599
3471
3388
408
3266
4231
551
402
1655
2876
87
2196
3621
526
3631
2521
418
3785
4361
1876
1881
189
3910
1929
1588
151
822
3999
1917
4265
1860
3107
3337
4085
3506
3458
4537
1453
727
3375
115
158
3764
3285
3837
4228
1140
2579
3554
4967
4704
4592
4396
603
1509
173
4333
3615
4810
4527
103
1163
1386
4576
3832
2972
4672
3591
4801
4233
4080
2656
142
1060
3273
4995
1865
2589
2552
1425
1877
2480
3377
2683
781
220
1745
3756
2780
1489
4033
3398
1400
2023
2048
2846
2708
1312
3934
150
1898
4331
2149
36
300
3022
1622
1280
820
387
1528
2626
4122
213
1088
363
1513
3893
1407
2177
3686
3699
4427
4785
490
4913
1599
4336
1837
4237
2668
4861
3226
984
1175
3014
577
4208
234
2345
972
935
2362
2383
4862
1210
3023
1916
3654
2116
4390
4572
3761
1525
3283
1288
3394
345
4332
1145
1061
2473
1994
1909
3393
4739
2086
112
1781
3117
3608
4262
2898
1366
861
2055
4636
1586
1303
4369
3415
1516
177
1193
3052
4276
2365
1181
3131
4925
2964
841
1776
4713
1970
1162
3912
4082
1213
3622
4067
1475
372
3955
4696
802
871
4169
3784
4752
347
3656
4690
3030
412
1895
338
2718
4875
2264
4131
3059
4201
3727
4301
1677
3333
2445
1926
3698
2619
197
4023
3461
915
301
570
3252
963
3151
4633
2326
4507
2687
4367
4441
3168
3074
532
183
2622
203
187
2008
2363
3573
1062
515
3093
949
2563
1755
4300
3353
3164
2740
4804
3673
2830
2825
3256
1335
4432
398
1463
4133
4021
987
3827
1011
1157
4809
4330
848
1415
1590
1605
1206
2238
2112
982
2073
2759
4783
3773
2341
672
2847
1819
3776
404
2971
3255
3146
3734
4287
2283
2932
4701
4772
2047
621
252
1576
1633
894
4956
171
2993
4915
4521
2455
374
3863
4090
4581
891
425
3771
1128
929
2890
1650
3817
449
1003
3524
1436
389
12
229
3167
4567
4782
4753
2922
4433
80
3857
4460
3601
1364
1327
318
126
4502
1208
3896
1116
295
1432
3304
3240
4452
993
502
3096
1625
2366
4909
568
431
2037
4132
2596
3479
4095
2814
2766
712
2158
3182
3086
2787
1228
2655
2720
2378
2485
4079
1596
2546
2184
4586
2269
2418
863
4618
4126
2892
2468
806
4253
4867
4820
4525
1443
580
2487
2058
4982
2533
3138
501
2358
1423
2747
2937
2902
1409
3983
1683
4186
896
1600
2518
1778
1110
2756
4480
1474
261
1682
2291
4303
2634
3294
1182
3747
1224
2633
2604
1858
4152
3561
2743
1426
3248
380
4034
1796
3625
2554
1187
3284
30
975
3919
3447
4091
4069
286
4852
2674
4699
2917
2451
4044
4688
4249
4007
3931
1117
2011
1535
1170
2380
159
2818
1096
4222
4941
2549
3820
3633
1167
4533
7
108
538
2247
3313
3231
4423
938
814
3376
1544
4429
4345
4261
3409
2523
1311
646
1316
1829
3938
4590
2441
662
733
1138
1063
3006
554
1439
2342
1548
3100
3986
677
604
1734
3089
1447
2891
4290
3725
1945
4781
117
3444
89
1397
617
3119
3584
3465
1800
3710
3660
3577
1219
2279
3532
3357
3432
4285
4129
2488
780
3170
881
4496
1751
459
1758
1261
3702
1309
2056
2241
2504
2927
680
4342
582
1264
4236
4013
3875
4066
3861
958
624
4934
4700
2946
755
4939
206
4075
2347
644
4863
2495
4198
2253
743
1707
2030
4418
1690
1603
3874
1511
2724
4650
2751
4630
4012
2530
673
2308
831
1102
1971
2276
188
4562
1100
4492
4190
4474
1519
3347
4062
843
3135
1737
2397
2277
4651
1820
777
3037
4445
1343
4297
4306
2490
4943
940
4917
3797
1417
2837
2547
227
1263
856
2143
1692
596
1825
1141
1574
4010
736
1075
2123
2793
2699
1004
4695
999
3239
3522
1076
670
2863
1988
3109
2612
2819
811
4078
1979
2242
1323
2965
1901
3166
1196
2081
1015
1951
4999
4251
4485
778
25
1982
2307
4288
3003
3600
3321
4291
939
4584
3400
2108
3596
3572
1469
4305
2252
2220
571
530
3970
3979
1585
3469
3620
4068
1652
3224
3051
3453
1211
563
215
3793
4354
4741
2255
1146
728
3012
3401
3829
2795
2599
4620
867
4117
1779
4140
1367
4615
268
1587
869
2997
1785