1000
921
500
804
494
956
205
791
774
341
252
55
662
392
444
626
61
7
57
617
436
119
96
344
909
526
58
486
887
989
866
266
250
669
517
900
917
735
751
453
530
643
124
711
492
653
4
412
783
122
209
995
301
805
282
37
129
762
5
212
77
80
170
456
508
990
285
513
587
362
370
630
992
219
741
708
844
168
253
313
325
254
850
176
48
123
654
47
858
461
570
416
300
377
332
592
644
291
589
242
824
36
828
678
792
375
23
372
953
469
659
21
561
97
789
893
115
258
203
376
908
543
611
420
579
107
186
275
920
934
329
1
267
588
622
92
244
52
343
565
746
884
63
913
234
833
217
443
800
10
780
397
586
60
87
25
357
356
110
340
829
717
883
475
803
851
521
867
198
17
870
35
886
428
378
822
996
520
936
255
89
905
567
171
418
148
19
603
578
815
297
128
137
681
85
462
899
834
509
970
831
363
770
132
459
555
593
859
896
672
34
918
931
551
940
902
663
607
111
423
682
304
532
349
382
49
446
308
709
156
143
227
655
610
42
702
367
75
287
379
204
577
283
923
652
421
670
65
951
381
270
661
28
754
435
558
583
841
276
448
134
544
157
433
465
853
68
687
411
874
697
651
585
778
999
534
13
835
232
333
761
481
781
880
385
767
388
1000
480
700
345
705
290
302
240
194
489
794
451
813
317
118
173
191
604
413
974
738
239
941
699
27
894
109
691
94
926
264
615
468
728
120
172
572
292
881
248
40
399
330
289
724
713
765
648
676
946
361
939
452
238
538
471
696
501
511
860
635
627
29
580
621
162
280
600
174
188
719
772
524
81
249
43
243
979
665
6
988
126
613
417
409
950
236
104
550
278
649
982
721
189
664
955
306
230
891
506
281
623
854
642
527
226
619
875
656
745
133
160
806
727
152
127
11
355
116
703
987
496
272
401
464
740
178
743
316
773
386
498
364
441
22
809
199
916
136
182
744
312
636
856
793
684
553
878
415
99
903
531
787
591
537
964
135
141
726
70
976
33
155
296
910
429
121
895
402
431
503
151
924
563
758
158
869
825
928
213
273
195
836
720
769
516
847
755
802
82
445
568
581
632
66
200
795
181
821
779
582
991
487
495
59
865
614
882
237
400
100
846
671
790
777
358
138
788
472
978
948
247
20
84
569
320
868
167
685
177
967
476
785
667
470
935
714
922
339
599
764
536
818
616
904
371
547
694
533
965
50
601
101
837
130
246
309
786
695
827
488
606
930
692
483
288
556
748
808
838
852
849
263
112
245
383
479
274
295
906
454
491
347
407
149
826
233
747
768
545
975
315
810
440
832
840
535
493
14
394
56
734
73
393
305
668
522
335
855
997
901
51
437
74
405
730
406
674
389
596
426
502
963
147
86
679
646
102
337
8
482
641
175
161
322
228
90
559
271
722
284
510
30
907
966
41
862
947
666
842
541
954
268
206
973
223
403
507
504
598
384
414
154
752
396
477
210
528
438
716
968
53
542
342
69
929
972
2
631
807
15
715
775
257
286
514
574
466
560
484
180
639
993
658
26
729
298
590
348
373
889
216
750
497
539
279
303
879
638
395
797
235
969
359
857
457
958
311
434
812
45
505
185
620
877
299
864
447
346
686
225
937
629
360
584
474
473
368
949
945
749
458
971
146
960
293
885
845
657
91
823
208
723
410
566
390
706
782
998
76
222
231
552
645
113
739
214
166
701
67
422
612
215
277
984
374
425
450
562
911
525
108
79
766
957
756
202
478
915
733
324
647
863
106
125
314
387
103
680
398
221
683
187
952
693
871
499
366
710
959
830
919
256
994
114
455
353
145
251
18
259
98
224
93
38
731
575
183
675
925
365
184
608
140
150
265
912
712
732
784
201
31
144
391
153
796
816
742
427
32
927
424
260
576
637
817
490
16
938
546
54
350
763
798
512
757
634
595
760
196
888
914
523
962
986
241
64
310
594
3
220
529
380
650
618
261
193
677
449
352
319
872
71
131
932
876
485
518
737
442
801
933
944
24
602
323
408
326
839
983
549
46
262
814
519
625
943
463
331
690
9
327
139
707
432
873
430
557
688
165
218
548
192
892
811
660
540
605
640
197
890
105
163
72
229
554
736
164
564
269
718
977
704
351
404
190
633
321
571
698
776
95
328
573
819
62
179
12
369
159
336
44
467
597
169
142
207
961
439
981
861
897
83
771
942
980
419
294
609
515
211
843
628
354
985
673
338
820
88
848
624
898
725
334
799
78
307
39
689
759
460
117
318
753