500
83
425
230
179
258
137
356
341
235
183
467
47
244
415
362
387
418
48
372
31
369
334
205
172
464
403
253
211
7
240
9
384
385
486
364
134
195
380
35
247
466
379
383
485
128
43
198
315
368
200
363
32
443
328
220
208
218
417
392
37
148
149
84
151
317
324
359
463
38
335
479
275
93
498
437
438
307
388
109
18
127
262
214
413
2
190
141
457
203
311
223
64
472
110
162
338
178
336
261
70
469
193
33
42
451
72
400
428
333
445
343
444
308
144
91
270
340
346
276
267
245
423
209
376
454
4
365
77
121
217
57
3
280
204
169
107
170
241
389
474
397
478
21
298
106
236
286
271
119
473
111
367
310
143
24
269
116
68
187
394
470
350
99
161
120
82
434
58
126
232
182
115
117
337
165
288
296
395
366
281
52
248
188
34
1
225
246
382
297
360
492
23
146
431
226
421
375
449
274
471
163
176
207
189
458
430
44
424
406
219
305
29
154
455
490
90
299
325
407
184
416
475
414
87
408
358
265
480
435
234
323
427
322
496
227
167
147
370
97
386
41
460
215
313
319
129
102
197
351
285
279
442
448
355
239
263
354
393
61
257
488
287
177
132
331
85
468
194
465
278
123
56
439
402
349
482
168
481
221
140
422
273
289
181
69
6
381
264
477
173
390
347
398
357
185
332
290
252
40
199
53
484
28
312
171
125
396
251
156
330
250
293
450
20
155
440
96
497
432
259
62
411
79
103
412
419
113
283
420
500
114
133
222
89
320
74
249
191
316
327
212
399
98
303
81
401
124
51
238
242
326
104
405
139
10
95
108
378
348
206
329
429
339
12
138
321
224
63
130
462
409
491
373
55
266
131
436
284
309
318
145
54
344
86
164
301
433
14
153
494
22
76
27
71
260
361
136
101
391
277
166
50
243
150
410
237
11
196
345
15
255
25
112
452
377
26
45
122
30
495
65
210
158
268
487
159
282
456
493
175
67
304
73
229
39
254
186
46
272
157
94
49
353
192
453
476
446
314
80
17
291
483
461
213
441
66
118
8
59
19
201
5
202
88
233
302
295
292
306
426
300
174
256
13
228
489
180
142
404
216
447
352
75
135
152
16
499
231
78
459
374
60
92
371
160
342
294
36
105
100