1016 114
269 40
309 104
237 37
175 72
176 97
229 54
91 111
17 37
168 89
317 96
277 19
269 114
132 3
306 14
210 115
46 38
263 33
117 38
253 13
104 105
219 63
226 25
172 88
316 42
259 121
298 6
254 91
146 47
314 93
146 129
20 90
95 24
26 14
315 116
270 115
61 63
100 11
250 100
17 131
24 36
232 31
143 48
146 54
18 48
35 18
36 31
258 85
47 129
269 5
231 18
217 33
314 120
296 122
303 112
293 10
41 132
243 128
318 69
759 208
944 233
183 86
174 38
301 103
353 185
760 129
79 174
278 180
313 230
518 166
617 65
133 7
719 214
42 185
779 138
830 141
315 228
148 188
339 35
466 143
532 90
488 121
74 115
939 188
54 58
45 125
837 232
259 191
436 17
566 176
477 15
987 193
413 141
713 42
782 155
264 124
248 16
251 30
86 56
33 131
872 180
40 185
970 2
868 55
862 19
895 50
584 148
772 162
405 179
274 134
130 62
946 97
58 180
25 216
2 221