50277 309
5113 131
2705 122
10797 94
12744 103
1170 84
9452 30
8764 103
5143 2
8771 69
11139 9
174 36
3596 111
6969 67
13417 81
3162 133
4549 74
8189 70
1018 69
4520 131
9679 14
7878 26
14679 37
8861 30
9601 131
15869 96
8098 112
1894 108
15743 87
1848 36
4462 89
12155 61
6342 36
6314 85
16253 23
3058 49
4411 98
14821 45
13235 62
14231 71
2780 34
14479 6
5660 78
15858 45
4360 18
14833 54
8064 131
12312 75
10030 3
16374 36
976 65
9616 109
4432 71
10476 32
7832 74
14329 33
6706 29
10752 82
2216 129
13584 96
1815 122
15283 100
14105 117
3301 39
3857 65
265 95
16164 26
14303 18
16709 123
12119 51
9039 55
2278 101
9359 109
6122 120
4014 101
3776 92
6435 32
1360 63
3563 100
5214 60
9061 124
15722 80
13336 12
10897 128
14170 127
15558 84
1762 131
8385 40
14961 85
14072 94
8398 107
15561 109
16023 126
33 14
15548 14
8295 94
12841 29
15215 123
2143 10
13600 108
2734 34
11885 23
12282 44
16343 126
10446 109
9852 25
3812 6
14696 70
11098 62
36 67
13234 72
6450 73
1870 106
13533 1
94 21
6761 133
4557 8
4239 72
7697 79
13515 84
15744 15
14276 112
3310 72
4123 9
5175 108
2152 116
1166 99
14012 43
12576 94
3996 67
15793 54
11914 96
7753 23
7802 82
13241 133
7686 15
16743 115
9926 68
11044 55
7210 71
11246 81
2449 103
8503 67
15462 30
13826 79
8726 59
15424 3
3981 132
16672 2
16287 83
11725 119
10310 133
15566 1
8188 50
5507 119
712 118
24772 14
27117 21
15681 161
47117 65
22445 161
34847 41
19628 61
35488 160
4860 137
5794 29
31726 160
8953 176
41443 18
47207 224
19688 71
45984 212
24462 227
25693 16
8076 67
19668 85
34917 192
25803 94
13690 120
2864 119
48534 116
48171 9
24943 211
13489 156
37690 44
3035 34
25237 17
4886 55
16791 173
49412 68
10043 81
752 47
31065 95
22996 38
47984 54
22664 5
38538 219
14147 143
33964 38
11332 206
37098 15
34618 33
39345 162
43210 81
34443 84
29917 160
2228 9
38081 83
11757 109
36232 198
14776 228
13372 145
31913 162
29404 106
940 38
30551 90
39749 4
18999 119
41478 183
34663 130
7981 96
35537 121
39117 142
39533 53
26569 140
10902 44
31009 93
5025 128
33851 35
4373 116
42414 164
9667 1
44159 221
20189 36
34664 9
14778 9
17226 18
19916 95
47935 95
24539 17
22957 4
29085 61
36080 56
38656 208
47973 65
36453 8
47121 159
49021 95
47273 84
37787 75
45504 57
30090 184
39879 29
23101 72
29747 203
23529 229
47353 119
7893 112
43235 80
15468 136
26050 151
7796 160
27910 18
8576 28
44464 80
6966 139
23611 67
37576 157
1785 215
20731 122
9191 125
27652 209
44068 109
1125 143
39008 149
48766 92
18842 99
37797 101
21200 228
10669 116
29532 136
49876 215
42718 36
5213 89
28330 100
24576 162
34468 7
39055 139
6118 204
48439 177
33501 36
11471 220
25254 85
30604 138
36703 130
37811 172
44984 85
23132 133
49296 212
12525 105
42224 47
32266 190
26517 17
20610 165
25503 71
24524 88
10107 2
38888 162
42623 190
27054 191