203 87
3 111
24 11
20 3
18 21
33 3
59 120
20 92
27 47
24 64
26 60
66 16
59 79
36 5
15 120
15 2
10 94
57 41
23 131
37 82
20 21
61 34
38 3
28 120
11 34
56 15
36 35
20 31
21 97
55 89
50 94
54 40
61 87
41 122
21 23
33 65
32 109
60 19
44 117
49 84
35 51
28 39
2 36
19 11
1 130
32 188
5 77
177 45
160 31
51 176
168 41
115 49
149 30
171 96
82 22
15 110
196 42
159 33
117 217
177 4
165 232
52 167
192 192
52 134
137 177
40 228
143 88
44 214
154 99
137 203
65 35
51 136
151 102
17 202
19 127
201 231
47 186
47 178
120 19
148 214
29 117
63 198
194 2
170 83
192 89
153 101
17 83
6 171