31111 299
6528 93
1213 97
9227 20
9032 7
4755 63
3224 67
3399 95
9174 125
2281 112
2724 63
10352 133
6013 105
6930 35
8447 82
9753 68
272 87
8521 65
6937 101
2127 82
7248 111
9609 98
7230 22
2664 43
7506 85
3087 29
1277 78
2610 78
10367 89
341 9
6032 85
1962 114
2003 41
6252 83
537 73
9748 12
6336 97
3278 15
6910 44
1534 14
9800 28
6831 90
4093 33
78 38
9272 106
5281 107
6237 97
9503 97
6843 57
2371 14
4981 83
24 90
3296 46
6480 66
3762 113
5455 56
658 125
8222 100
9344 51
1639 66
3456 125
8603 52
1322 88
1363 39
8308 132
4391 132
4021 45
2788 9
2582 81
3312 115
1547 56
9179 32
3249 64
6834 9
7104 105
5853 25
1099 27
2019 115
6558 9
8428 42
7367 43
3943 63
4420 120
6067 70
5730 106
3474 38
6303 78
7133 15
6715 109
7098 46
85 11
585 126
7463 5
2845 45
8370 53
9408 18
2072 9
7892 109
4838 47
7934 125
991 71
787 124
5587 96
3792 24
7649 39
7940 54
3636 97
4488 126
4157 30
2147 4
5826 127
3430 93
8303 33
7221 51
6205 79
6138 102
4808 104
4300 8
9972 8
3304 25
10101 77
2774 21
4266 7
4776 125
979 123
6220 33
257 120
10037 73
7907 27
8147 84
1348 46
8476 11
9968 113
7186 3
1184 89
9495 63
4831 92
246 79
1121 27
9086 39
4815 80
5482 51
5639 29
6966 108
558 83
1005 13
6103 27
1677 70
6342 53
7477 36
4703 62
15378 224
1276 231
10478 190
17963 41
11950 222
27784 19
16745 219
21303 174
8225 51
11261 128
5198 102
22394 134
9776 82
4869 98
24202 81
20376 48
11235 41
7658 46
30428 4
5426 193
20478 110
14995 125
19974 119
7240 39
16696 19
2892 83
57 90
15197 172
29025 95
1769 60
19027 207
19066 116
24616 54
10784 82
5830 113
14719 196
10601 229
1591 113
10022 179
5952 233
7717 75
11556 180
2347 180
2423 186
20052 29
15307 137
13640 145
13697 182
886 195
10160 200
20955 136
8283 175
1331 52
4335 180
16475 115
24358 145
3946 102
1277 201
10301 121
27694 165
1383 124
11206 104
29364 86
14589 82
8884 70
27654 104
19106 186
17587 216
10705 121
130 141
21277 129
13963 55
27069 124
20656 9
5619 152
16989 63
21681 59
8657 47
8767 11
7759 79
23142 120
14160 48
20386 160
18682 138
24683 184
19349 122
20959 213
26405 210
4463 70
16215 12
15698 64
27541 28
4194 120
18106 133
2338 156
17143 167
17218 227
5158 131
28372 212
25535 189
28245 128
21396 98
26631 148
26802 120
18092 7
19057 1
20298 139
30055 173
26754 27
10136 142
12924 78
11254 74
25926 177
27375 66
30115 51
27808 113
5406 211
19144 121
1768 201
18181 192
24503 141
20423 78
13759 214
2040 110
10663 109
8801 170
26847 58
27638 185
20878 128
5458 113
27247 108
21972 87
1424 132
16717 94
17759 197
10381 95
10380 115
2807 194
5006 147
21145 111
696 132
29404 155
13899 163
17313 154
3830 145
10856 146
4874 136
11300 15
29479 191