100000 350
4733 11
22033 120
20686 74
13658 22
8872 97
32810 36
9862 51
18094 29
20154 64
30985 94
27724 125
27390 34
17280 55
17193 127
10896 97
2366 17
26273 122
952 116
18266 83
14223 90
19316 115
10948 9
11058 95
19414 76
9406 22
1155 119
28748 70
30342 71
7519 90
19460 115
27475 84
15235 114
8934 68
5439 51
14286 84
27178 54
8734 89
17320 120
10546 71
28987 121
13128 16
21433 58
11184 57
13910 92
13284 27
10828 56
6437 88
22161 93
21653 56
19728 2
32762 32
19964 1
4135 80
487 94
19582 102
7745 78
8068 60
29701 44
31860 81
24180 73
19395 65
10172 62
8516 72
12721 93
15658 38
2018 25
30000 92
17311 64
14820 25
16298 30
15044 125
7240 42
19935 46
4466 55
13227 80
31194 38
26304 15
10321 89
26737 78
448 30
24471 112
17791 24
27934 110
1244 22
32385 11
27898 8
6103 21
2987 18
23395 12
31527 52
10032 74
28956 54
16747 101
11396 76
19751 96
22833 2
30569 123
6496 12
14119 11
11075 99
30713 133
5719 89
892 19
27789 61
8741 8
3976 104
9309 26
2093 102
22421 29
20812 70
11835 59
7992 16
32056 61
14868 116
8404 66
10080 34
32648 103
27491 45
6497 26
5075 2
15221 96
22194 129
30388 113
25857 76
23984 46
19942 99
26222 114
8002 128
9330 61
30268 43
29596 91
18823 7
9993 41
11562 25
28964 28
15566 119
31043 86
27190 22
24886 58
32792 48
17716 14
30782 39
18439 88
32229 38
25076 5
14016 12
28795 116
15159 116
16839 83
16908 29
6633 90
30611 68
26706 65
595 58
10049 64
12732 4
15523 75
15953 8
9635 17
13998 27
24272 53
1392 88
22723 114
904 100
22906 110
9800 30
10132 91
12176 86
21671 1
31333 92
2079 11
12809 106
11603 115
12038 106
19919 20
31778 34
2573 197
4892 82
81186 14
5491 26
40610 24
91382 209
27155 210
38584 95
53052 11
46863 159
48414 219
12308 56
47333 60
88718 20
5076 48
9769 210
93180 179
93787 81
69361 109
3013 161
69105 175
79233 169
15809 143
27656 59
96369 127
70902 233
99033 84
44983 67
60486 18
59168 83
18943 83
91562 141
20203 154
42316 153
73487 159
16343 135
3974 37
57377 16
98877 159
5286 231
93955 125
98508 19
97330 52
93458 45
97486 176
22831 206
52308 63
64634 168
6073 23
43818 34
31235 205
38428 51
41877 188
12119 29
75745 132
44889 177
91688 35
83954 49
79416 4
86609 132
28425 192
76948 184
52997 46
88337 18
20105 176
13498 119
77149 198
34086 88
26343 61
51636 217
42679 74
91749 12
82316 141
3391 120
78269 190
25196 83
70270 209
40632 8
65711 232
93894 192
78489 93
88443 72
42655 223
40012 43
47779 45
5985 87
92820 137
63028 162
5466 51
54838 225
23749 68
81852 200
86866 161
54874 97
32032 25
84409 111
44278 209
27616 215
56046 42
64774 23
43464 84
27091 41
16181 143
47770 203
47632 93
58191 86
42591 165
1081 165
88929 2
82544 138
90409 132
34855 203
27414 46
11847 138
42490 16
88816 219
97553 145
88758 212
99653 53
6885 24
42191 151
55228 90
58402 215
99268 206
34052 177
8381 12
76166 2
92081 49
84708 83
43851 92
24036 183
64460 198
41074 215
86667 231
26999 201
73157 57
69391 132
9595 120
91666 91
64667 167
26700 217
38999 31
21509 153
74817 6
19846 120
48209 59
19608 18
15897 77
51938 71
38370 159
78861 126
51255 120
56357 195
6812 25
59742 36
57410 203
18223 144
2894 4
55518 78
73661 46
83390 212
71384 218
44996 67
39200 52
54923 210
83298 18
32752 205
17716 106
77088 58
54276 80
76859 199
9507 84
6833 233
50431 169