8127 275
695 13
1052 35
2105 33
2384 57
2086 122
1348 22
943 118
1912 42
2580 24
1185 129
2681 56
1411 82
2489 44
1304 133
1374 107
493 91
1292 41
754 1
695 131
2573 62
164 47
2384 17
36 111
2585 27
1455 15
1740 38
1953 64
1447 63
2419 24
6 115
299 131
1222 78
2141 124
358 117
532 61
2660 54
6 115
1261 51
1760 61
2385 66
1952 20
271 52
112 116
594 89
2002 95
201 10
2615 7
282 121
1389 76
1411 47
92 59
713 88
248 84
1878 123
2029 68
1390 66
2515 107
2350 76
671 7
265 21
1524 70
330 121
2504 122
2448 132
486 85
2671 68
2507 11
1488 94
116 89
2630 46
1414 10
949 77
2179 57
2627 91
962 110
433 129
1862 8
1453 37
1507 113
223 34
1473 56
99 1
2018 111
174 16
2138 111
1830 111
2434 78
971 30
575 28
1086 25
265 44
2340 30
1777 79
1841 86
410 60
924 32
1566 5
409 13
235 71
1359 79
1309 111
412 23
1425 110
2635 1
633 26
333 18
2517 9
372 21
624 34
2387 14
1939 89
2301 74
1283 58
2103 84
711 43
62 116
1343 28
1938 97
2091 121
264 80
458 37
184 24
54 114
1021 10
1058 2
1191 41
2646 107
667 123
1736 57
889 8
822 96
702 111
1126 49
1757 62
1955 42
284 100
1456 22
367 75
2120 205
3632 89
2725 159
5057 126
3081 114
5183 33
5750 156
1554 96
7797 132
2513 101
423 122
1644 224
1462 195
6805 76
624 103
1584 26
2123 154
5540 138
3921 214
5406 150
705 164
4883 28
4239 151
5842 76
5679 13
6028 167
3509 180
4860 83
5444 149
4914 63
6051 121
680 60
2836 13
7180 69
3809 51
6285 19
7981 182
1461 198
1213 163
1894 5
5761 170
4821 192
6507 6
199 94
3522 51
1513 145
5817 152
4944 6
4636 66
2630 42
1211 218
977 208
5416 89
7218 97
7113 2
198 76
7279 107
3002 233
5066 13
5200 105
3504 95
6740 120
3128 222
4420 7
5618 206
6030 9
4855 58
6894 167
3739 121
5753 3
1652 139
2865 151
7184 110
362 132
4740 111
4638 99
2785 92
2040 44
2966 83
5154 112
1588 178
2823 172
867 45
555 184
3263 129
733 210
6954 76
3622 231
140 78
504 223
4732 170
7416 201
4601 166
5171 222
3963 153
4811 42
2323 35
6641 60
1529 151
6993 218
2020 42
7757 108
6288 214
4071 223
2907 223
2710 160
6025 29
5929 206
1775 52
5196 55
6530 114
801 122
7185 148
2420 154
4651 77
2220 134
3880 104
5603 36
954 215
5559 173
5578 139
1946 84
3252 185
445 49
1098 35
3112 126
4729 77
6536 119
5125 33
3284 24
1689 186
2631 169
2302 172
1236 125
2155 173
1052 31
4088 197