70 250 3749
27 26 1 97
20 32 1 65
19 45 1 36
67 33 1 71
57 48 1 90
4 62 1 54
28 10 1 81
69 70 1 59
25 39 1 70
70 24 1 59
68 66 1 43
29 10 1 89
57 55 1 24
47 55 1 84
64 46 1 64
45 15 1 24
54 65 1 63
19 15 1 2
11 32 1 14
41 2 1 77
57 1 1 24
55 5 1 52
50 11 1 58
26 57 1 34
52 67 1 89
12 63 1 23
24 25 1 86
27 44 1 30
44 38 1 64
42 11 1 10
21 47 1 66
34 70 1 78
67 47 1 23
40 32 1 41
57 19 1 82
62 9 1 36
46 70 1 90
11 70 1 56
46 16 1 10
15 62 1 37
38 42 1 26
3 47 1 100
65 58 1 3
66 27 1 30
27 14 1 82
13 27 1 97
42 5 1 99
66 24 1 95
66 15 1 58
62 41 1 82
28 59 1 60
16 63 1 90
7 51 1 13
7 9 1 68
7 34 1 11
30 41 1 38
12 24 1 51
11 22 1 13
64 32 1 23
25 58 1 90
67 12 1 16
21 59 1 22
22 58 1 74
14 26 1 6
62 56 1 70
64 49 1 9
64 62 1 71
54 49 1 94
52 16 1 75
43 4 1 27
55 12 1 64
15 13 1 3
61 15 1 92
20 19 1 47
68 15 1 94
63 61 1 65
7 28 1 58
31 59 1 15
70 55 1 37
68 28 1 21
42 9 1 39
28 60 1 4
4 68 1 10
59 52 1 58
9 10 1 64
69 55 1 78
40 10 1 17
38 26 1 36
35 53 1 100
42 3 1 23
70 23 1 61
4 12 1 77
22 29 1 74
13 36 1 26
46 30 1 28
56 44 1 30
27 21 1 15
23 27 1 63
49 17 1 15
28 64 1 93
22 47 1 1
12 18 1 25
48 36 1 99
10 20 1 75
40 63 1 49
19 8 1 20
24 25 1 73
19 46 1 46
23 33 1 7
50 22 1 30
58 20 1 86
39 42 1 48
35 67 1 1
5 15 1 73
39 32 1 16
8 43 1 38
5 31 1 91
53 14 1 17
33 2 1 52
43 70 1 15
67 11 1 86
26 42 1 43
3 41 1 72
14 7 1 58
38 34 1 4
47 15 1 84
16 25 1 17
25 22 1 94
33 56 1 31
27 52 1 74
23 32 1 58
38 10 1 77
44 57 1 34
1 13 1 42
38 41 1 6
63 70 1 17
55 34 1 18
16 64 1 59
25 12 1 6
22 58 1 96
44 21 1 20
33 43 1 86
14 65 1 88
64 4 1 43
37 43 1 86
36 32 1 29
43 24 1 76
11 50 1 83
70 2 1 42
45 20 1 46
14 24 1 90
27 23 1 79
66 45 1 65
6 66 1 31
19 5 1 60
54 30 1 21
31 44 1 22
63 48 1 91
1 56 1 18
9 68 1 30
43 67 1 51
62 58 1 38
62 69 1 58
28 55 1 40
28 43 1 92
21 58 1 38
44 39 1 70
37 70 1 81
67 22 1 82
10 14 1 98
12 38 1 65
23 3 1 40
46 22 1 1
10 27 1 25
65 67 1 49
66 21 1 57
43 27 1 71
40 48 1 75
16 28 1 29
31 49 1 26
1 19 1 4
45 20 1 88
16 26 1 100
46 39 1 6
65 54 1 100
32 52 1 22
9 36 1 21
14 33 1 64
51 47 1 33
67 15 1 92
40 64 1 35
33 28 1 49
12 34 1 88
15 7 1 27
42 34 1 89
67 37 1 99
14 23 1 3
37 66 1 32
59 47 1 31
4 56 1 69
19 40 1 82
47 6 1 82
40 50 1 6
17 3 1 18
25 14 1 57
9 62 1 97
39 19 1 27
5 67 1 82
36 44 1 81
50 44 1 43
24 34 1 78
37 67 1 100
10 40 1 76
32 50 1 23
69 35 1 60
31 29 1 37
3 12 1 12
56 38 1 2
2 56 1 71
52 49 1 42
19 12 1 15
62 27 1 71
61 22 1 90
50 19 1 24
31 25 1 50
63 36 1 37
22 5 1 46
54 61 1 93
3 6 1 74
32 31 1 78
52 47 1 60
65 59 1 20
13 49 1 59
15 67 1 99
1 31 1 56
22 34 1 80
40 38 1 26
69 2 1 31
49 64 1 17
52 26 1 98
4 39 1 100
35 69 1 77
30 23 1 29
57 6 1 7
44 22 1 37
24 47 1 31
41 34 1 65
59 44 1 24
12 17 1 15
16 64 1 18