100 4000 1400000
13 58 960622 279210
18 14 222546 844935
29 46 192572 135789
9 99 182980 311332
69 37 918183 533437
56 8 372983 161478
41 99 429186 101820
44 12 944330 280349
62 23 326269 706808
56 54 207367 99672
63 53 312050 540323
23 8 111475 125273
20 97 359044 85180
19 77 100544 339417
81 92 252632 954931
54 21 343439 478154
52 50 509030 608708
52 39 339471 183661
86 45 668259 941071
76 19 898862 31588
32 17 962111 746845
39 81 498215 433399
59 6 357120 60969
69 77 10987 413719
35 74 972528 373339
30 52 812951 262674
94 32 873260 718648
44 63 262670 63237
80 69 237883 641235
58 66 556964 93573
3 70 901585 34926
59 89 961377 104379
9 26 274136 857877
14 77 415648 471232
57 77 568492 213168
80 1 327176 287637
38 58 59256 880996
72 73 336179 548371
95 83 816512 286592
61 68 87129 275281
54 40 619630 756614
17 25 185750 772501
69 70 575494 977947
78 92 961765 249318
95 60 755220 306300
92 30 293115 66261
49 26 205880 949799
5 65 805179 856201
99 85 337212 27582
88 9 444989 520440
16 34 683347 503389
47 75 430451 99806
63 23 39524 994160
2 1 574566 520749
37 3 973808 453626
26 92 984645 216431
50 98 713811 730905
99 32 136530 622823
23 74 408409 4094
10 23 323810 549795
20 92 764461 88863
93 10 482045 427216
60 72 58530 622048
97 5 387979 426040
29 7 523598 120247
21 88 233762 454406
49 23 110786 913413
40 20 576169 28728
89 83 626077 953446
22 19 660816 19792
33 37 242028 497789
93 27 121381 273846
75 45 384492 668019
11 2 53824 108695
97 19 994337 883445
58 29 465603 684799
100 26 164167 169697
26 42 99892 251359
91 9 150034 342324
83 80 634803 267417
66 74 758163 65383
53 97 257605 397947
9 3 106669 785039
10 6 613938 384950
3 56 762275 538153
23 20 132037 793547
28 82 252030 635877
11 94 721946 633071
87 38 950031 222252
7 51 849743 853166
73 22 339139 707795
78 95 986751 714875
30 59 647696 78100
4 97 433765 36737
92 34 861250 77423
84 26 520261 315878
21 86 109267 267287
77 46 178627 724110
2 60 426854 960063
79 47 893369 979018
22 43 891476 27575
60 81 25339 90060
46 50 134676 584688
41 25 510950 979655
85 82 228790 547900
6 92 936395 979283
51 7 948673 68942
98 48 986866 200572
92 39 408410 843367
25 90 270773 781397
95 29 73039 294144
19 57 518963 6971
53 77 932774 145270
20 93 217426 158936
90 32 828425 327202
73 9 179719 264070
1 76 384711 957041
30 88 136996 877831
80 55 214146 520823
29 62 73291 713001
36 7 507248 539127
81 51 829941 225889
7 15 559880 828798
50 76 70424 65556
68 48 175598 139666
10 63 120207 898027
56 79 942991 166259
83 69 681586 605516
51 92 388024 934530
11 1 423533 860643
75 85 1386 563570
29 43 446540 75650
66 39 140831 402328
48 70 622459 726623
79 52 808522 541331
50 96 809349 52709
41 77 303375 699401
34 46 941318 130336
70 33 748401 485375
31 52 993370 322430
65 55 493055 34824
59 8 821242 102635
59 61 390574 21770
36 92 876258 254532
99 79 950321 45408
65 80 795160 445857
96 80 365135 391820
86 58 864965 177720
51 44 413668 170698
62 42 362798 108825
12 95 237730 827060
31 7 770740 754684
33 21 994636 27972
55 24 865676 561844
20 58 384547 924262
38 62 684129 357098
82 32 407392 52814
28 3 516399 362114
10 27 763122 867324
58 67 274227 849975
80 29 886239 70839
12 56 528727 502229
53 55 644584 308345
67 17 741184 542415
51 74 666129 529392
95 40 701373 402933
18 2 69444 765440
22 29 945531 939888
36 37 569173 782203
33 72 549321 522936
44 88 956494 606988
26 33 295806 126
92 30 954595 931047
12 75 218415 537744
12 90 449137 386913
20 77 518909 335159
69 10 93726 700748
36 26 860357 214661
87 37 290383 719686
14 36 35096 86313
31 79 545008 314176
42 9 7709 287788
56 44 197853 155326
1 8 332985 799214
16 95 528990 367247
8 36 948894 333020
77 97 238778 54398
85 88 344552 298781
29 83 303334 703925
31 92 103192 643054
72 78 204998 463013
37 31 820133 564231
1 62 537808 291221
91 43 395744 102379
25 71 987961 987831
13 80 703422 604080
91 37 689290 94192
65 18 632550 62283
67 85 953726 671058
98 32 506474 331139
37 74 376770 950941
8 77 875468 215851
8 62 317960 865447
82 43 684703 437516
40 43 756344 447621
52 72 817217 472965
87 98 520941 109296
53 4 11882 269615
100 56 896219 793429
15 46 156375 835303
49 81 602555 1452
14 63 955144 703139
81 87 151711 695611
77 44 972379 271341
83 65 577298 76310
77 3 49980 18086
54 75 540246 234457
14 93 100526 591350
39 9 809275 678808
67 35 275243 773753
88 65 116359 738307
86 39 506972 322400
2 55 387200 839433
45 29 428142 683731
8 60 346694 658545
96 7 663732 583357
7 46 499398 149221
92 32 499247 490910
27 96 485004 444605
90 12 923681 959884
24 60 808803 634751
55 92 47489 842477
94 39 947154 418966
62 29 895554 379439
7 15 827956 633152
99 98 575156 164914
18 97 686114 652153
53 61 818943 986281
54 62 294009 667098
72 61 902896 539002
87 7 566967 837740
72 84 939301 16462
84 51 543726 319809
33 4 544716 574817
57 49 741905 167347
89 86 882941 672833
24 94 888475 110056
16 36 82985 286733
36 46 25226 205640
42 7 32035 40
43 60 989238 367152
40 78 543427 968421
43 83 268343 765333
31 12 899613 759529
94 37 231603 105960
1 26 770129 67848
59 55 734773 782187
91 75 504566 304539
42 28 100771 901889
31 49 800536 62280
43 100 475146 190008
96 100 746643 455110
59 81 556549 765895
82 97 240451 333276
97 32 702199 795652
68 79 781454 373075
75 49 408355 19479
72 70 639040 41696
55 7 165780 154018
15 11 395467 437066
16 19 690216 169693
84 8 863825 2694
55 89 527846 443056
99 54 381010 117512
64 27 35769 784132
25 20 475689 560722
2 36 737463 338760
7 31 911271 851637
53 46 53259 365939
25 46 103874 464529
97 17 405806 890172
81 67 915295 918465
80 93 700542 228806
94 84 820980 742160
41 96 181161 394380
80 7 452990 313814
4 73 660082 371968
85 44 517970 575959
54 58 123921 271520
47 89 90119 625301
77 21 713954 355210
21 59 279162 177564
77 47 81590 939775
44 97 273309 907337
43 13 118840 173863
21 72 757236 662912
7 84 63782 690373
92 64 705043 556133
98 29 981033 133803
34 13 26102 548231
90 55 330367 617218
55 98 875275 718665
58 57 464408 631436
30 25 212930 566546
54 44 519135 200731
15 62 862183 653377
19 2 144751 560
84 25 799350 419937
5 12 377080 560261
72 64 837537 229243
55 79 258659 993525
23 26 185235 784522
34 75 334835 103860
27 74 879918 922182
9 24 24854 865063
75 79 96629 779777
62 50 867958 276687
82 37 331581 338978
64 70 644477 594512
99 40 460747 343538
29 65 371924 936011
15 6 673453 592269
81 23 176090 260822
95 41 280976 607000
81 93 37133 726212
77 97 400132 675555
20 95 410678 417550
9 41 511875 269717
93 89 723906 453776
22 52 894889 838197
55 85 746650 467865
40 86 934177 974603
67 71 837487 462302
30 84 304665 960412
96 67 64833 39544
3 79 29784 682932
87 47 203038 7496
14 1 415074 928278
83 84 603478 359974
12 60 856771 49335
78 44 940649 632175
93 11 525403 8732
82 63 833259 631149
41 63 924384 796805
71 100 340326 541264
38 57 323609 224571
87 6 332268 404675
21 4 68044 91693
55 75 737000 976797
94 44 761322 729452
93 39 661024 956768
31 20 324339 918711
38 32 385524 592920
44 2 928843 182888
94 68 237463 663250
1 78 806032 455926
32 14 335672 830886
10 9 930146 125256
89 28 211947 374555
90 69 577059 449771
4 78 307140 294057
16 13 757876 352790
71 63 342257 790727
20 64 527525 590032
15 61 564546 122907
24 10 168350 292582
18 94 868596 836416
98 36 248708 884859
8 89 792429 370017
98 61 556557 377586
26 16 388592 35885
14 58 908057 35758
83 16 970252 375078
81 8 831158 421613
79 55 732290 888004
20 90 124196 812598
84 60 247397 139891
57 18 289486 994337
62 66 837162 241254
7 83 841918 428603
23 63 818170 703366
86 69 492546 796287
60 33 623097 668724
44 94 207187 915361
32 27 796799 516522
78 47 140013 33854
31 19 867410 843114
93 54 442143 497815
79 93 92433 817487
85 30 945237 794287
13 36 79835 911730
62 69 720093 969271
77 56 284142 6500
1 100 510237 420697
46 72 377530 871492
66 50 40519 66392
45 18 495920 20908
3 68 200706 887051
64 12 360073 943926
26 63 104075 844201
37 5 271682 710168
81 6 21008 173177
13 52 984465 950170
30 100 187585 51082
98 76 450263 210847
90 25 489178 639762
81 58 440129 685967
61 22 19046 503775
79 66 40424 321618
45 96 511925 403354
9 30 23909 296675
11 12 652627 462382
21 51 95843 878269
9 75 259628 711358
81 23 15072 652257
70 53 343668 5365
24 82 590124 128692
36 42 41338 317039
22 46 550305 722287
9 33 423681 404542
69 64 291790 107891
3 78 179780 854523
40 35 498719 950950
33 92 175352 500094
38 77 639288 12980
96 24 886347 213793
28 15 336845 632037
78 70 707536 75558
34 22 615985 578181
60 39 136108 915693
22 86 23639 283950
97 60 830262 232835
4 44 625172 449826
46 48 542801 486926
41 9 875475 24702
70 52 929729 767180
3 19 365059 561355
10 63 233838 835054
10 68 441150 946912
75 40 843309 542211
36 37 703781 508320
35 65 725300 623498
47 95 376886 492812
53 24 734545 864905
59 75 554393 923380
90 45 796943 646540
36 25 321322 829240
98 15 968155 860597
97 61 749873 851305
61 68 367194 204320
24 79 770522 222647
58 48 985024 847981
18 85 918118 123973
56 34 368149 477839
21 26 153320 952972
11 89 165183 177212
33 65 507646 356951
75 6 195080 620581
22 48 777098 704577
55 52 630908 762951
61 44 87664 909115
79 92 236534 708931
36 47 750269 343668
48 57 575994 661643
63 19 834992 837273
64 62 775216 856312
35 98 120288 545994
48 59 658735 368863
98 87 417203 699014
24 3 261413 799512
41 30 268595 219729
70 30 715159 831359
34 9 23352 221845
28 31 510646 663987
64 99 285612 380467
97 93 134030 322049
72 33 738981 178196
80 47 78671 838867
85 9 345749 26224
38 36 231847 315023
19 34 921114 260421
33 73 636478 851954
17 33 82397 12438
26 2 627841 360544
88 52 573261 955793
87 100 345291 244721
92 80 962933 926970
54 52 618979 960047
40 30 720416 421508
99 5 231569 447314
50 96 663717 965101
29 24 554961 441137
3 38 784058 359685
27 95 562005 653549
18 37 445097 804536
96 63 213223 832593
56 12 957149 892362
35 38 218527 695916
93 37 526401 480400
87 63 173935 739364
60 62 579135 436503
15 87 73296 920575
55 29 460943 260240
38 37 195001 217572
87 84 510949 578989
68 98 363709 62359
93 48 511023 519027
92 4 587059 649512
87 60 510006 951627
5 33 67396 119773
20 22 22923 614151
58 92 588482 618648
9 60 605206 106144
87 78 277222 229994
39 47 801910 760427
20 53 740377 784618
62 27 471933 389189
15 34 576287 543870
95 7 487236 905088
8 96 261586 758232
8 19 807058 817334
18 5 412925 100920
2 44 927138 602792
92 19 423685 976470
48 45 703932 952070
17 18 475703 704338
18 17 553835 890617
100 41 925983 577486
91 52 27394 774813
64 28 68423 795986
96 45 758533 163065
86 100 270527 275605
27 13 788766 561900
49 10 485124 331402
61 57 266421 47059
70 22 137093 236323
3 60 520854 759589
70 73 385076 654793
71 16 511672 276942
6 10 758197 951310
80 62 652948 859061
42 7 167785 374038
91 65 12444 569480
80 65 294086 113405
78 6 885824 271417
6 76 347990 235689
39 5 745880 498863
68 51 207742 491621
80 70 566742 202682
34 67 930666 999970
25 55 523106 371700
43 3 639882 806143
43 26 64445 528802
95 82 786022 315775
54 6 364234 102024
22 96 783956 603326
30 100 144162 670646
11 68 24501 595672
28 20 873358 86287
89 1 261150 130700
86 87 342605 469001
89 46 371781 890900
56 46 613559 78367
24 82 495383 211963
17 29 342971 59582
65 31 543772 766369
89 15 481902 64560
47 91 88310 121987
41 70 349942 748020
26 15 621623 175663
31 9 84433 138585
55 30 194319 461817
41 81 464683 884872
96 27 426712 336036
32 6 111187 376585
25 24 895533 33668
97 52 59845 740614
58 50 895656 603415
19 96 711181 712123
71 45 576809 715927
94 14 154562 380646
39 53 455303 347397
37 66 867417 811183
3 100 300739 338154
91 80 789453 540289
27 82 397737 826254
95 75 771880 947173
85 43 182648 556079
84 19 401622 499786
55 84 255276 61927
80 65 200541 875921
54 83 765597 726607
26 6 199655 959302
32 87 175474 715031
1 40 888355 710678
35 24 395380 782811
30 68 538625 913922
22 71 296116 959851
76 4 904261 797118
93 22 595527 108939
53 52 295089 528657
76 6 120224 359345
94 87 26183 588333
49 13 442301 415409
59 95 242086 13436
46 77 891053 740142
40 14 116028 519841
61 83 939699 613813
37 14 424143 498111
96 89 967095 67545
71 93 494690 884580
93 77 394455 691912
65 59 532269 907457
9 15 197072 320526
29 38 317044 707911
36 29 791034 588640
21 59 278958 836170
73 31 294943 366732
24 42 946952 622614
18 66 166637 69104
56 49 773187 423867
90 100 214903 837478
39 100 332259 743893
74 76 986200 599583
20 6 895420 230089
57 96 526377 2754
68 4 379795 544376
57 20 517392 222525
86 42 672603 109297
6 36 789029 646221
9 73 330375 729108
76 41 205618 431554
32 38 653169 85874
67 91 927754 940212
45 81 133796 110560
28 8 49016 46461
18 42 282032 229127
13 93 607684 320731
29 56 823842 483624
9 86 973458 88214
82 83 275594 528282
2 100 609182 362455
73 75 893280 500611
9 20 207553 653949
99 85 996737 767489
31 5 202848 653733
44 57 668862 546258
94 11 657640 791977
10 57 829832 400818
59 2 524517 671583
57 45 686324 612721
27 62 282797 376777
98 24 555732 427263
32 89 950255 656699
74 23 65387 174579
61 26 469834 984003
69 28 726774 265738
75 43 471367 488445
92 78 884754 63833
51 100 408295 765481
32 73 41780 630080
67 48 69388 559857
56 3 557117 344906
18 11 465459 324206
92 49 721057 404048
1 60 91089 652641
75 81 204147 189642
10 67 561341 589348
89 90 881396 516321
17 21 623478 812179
39 13 31503 752307
36 89 543686 691247
71 94 911071 815503
15 35 868792 222521
28 92 703827 44590
58 26 562979 836416
85 48 844842 945117
58 90 519507 81391
78 95 719747 810600
73 47 447435 182539
8 69 738953 218610
37 7 133332 475183
34 12 786872 401870
90 79 78005 713472
10 49 46133 494349
9 20 508209 253967
67 48 196799 652354
57 45 763374 114243
43 24 990593 50624
88 69 57317 906479
73 19 200108 753427
32 37 614963 646052
2 25 943031 460647
45 21 184066 435131
97 18 381362 128887
25 11 921925 21271
95 68 795629 467552
99 44 657104 231007
95 99 34111 309953
1 63 526149 278444
43 50 337052 859393
41 78 985310 948859
29 100 535886 810267
71 96 197258 657287
3 50 627450 344149
96 97 792801 382116
47 44 723206 891
98 37 7608 473686
37 10 373458 424717
54 46 193924 337876
94 10 266572 985312
7 8 707291 994701
57 17 303195 273920
86 37 168264 511908
77 3 45471 474436
28 48 99133 313563
88 96 541263 609500
94 82 935640 363654
88 17 523372 661592
16 6 413695 224676
82 41 983752 569123
24 63 331103 991230
73 19 122731 97530
91 42 454574 684272
71 84 222794 673231
13 10 522743 179940
50 55 664333 599986
24 99 625195 121891
27 33 548602 173759
4 20 739437 672673
41 79 626970 420562
66 37 663164 490317
42 81 625294 945876
18 4 291604 740057
50 16 958762 133867
59 80 769865 481047
72 42 321737 721607
65 56 520276 428082
32 59 152599 748292
59 68 144731 88314
61 21 973593 879461
32 36 202034 272973
35 92 605667 106214
81 4 860242 984085
40 92 258322 819432
87 1 424007 676189
94 60 494449 258995
52 26 736923 893059
80 99 70180 337999
75 57 458868 279421
52 86 649726 841980
29 95 631705 218347
68 10 935604 395222
78 39 396153 639839
84 67 283298 431574
38 64 189638 246135
63 25 343294 186297
10 34 832882 235688
83 10 838351 604366
35 23 461425 134953
35 36 249407 238053
13 98 6094 325731
23 64 983547 211775
53 10 48474 447515
88 10 916973 61934
42 72 51377 674830
50 43 312971 451766
23 66 964306 869581
40 62 114882 761181
61 31 203931 608393
85 56 614068 551605
15 38 9550 84958
80 88 492885 905831
69 68 173564 887376
10 53 242644 642853
31 88 34596 146942
84 20 222227 956590
74 84 407318 519693
80 77 241439 497861
10 96 921499 876332
65 49 57792 42465
84 79 211959 26347
66 42 323626 997243
11 97 744456 609674
37 85 98385 292840
9 60 686769 77161
11 9 657212 51673
30 71 654803 46037
68 97 174541 630901
10 13 333672 30381
20 76 282694 40392
72 34 973799 546594
27 98 505470 735695
50 100 762010 593863
15 9 566742 786002
91 84 67625 509632
12 46 574050 417127
23 68 563552 200071
58 12 77195 929464
9 85 222382 745544
50 92 1833 990963
19 16 187484 381078
10 81 458066 305097
37 47 519096 851834
19 29 424042 653828
100 30 815418 143569
59 33 304540 315581
47 74 708711 588115
75 62 364572 858206
7 80 236385 343837
65 61 37972 306954
63 5 87096 251109
27 35 110991 687441
6 28 721838 62782
8 37 780891 943616
11 15 370040 49649
93 12 589538 230735
70 48 900655 980917
2 61 231997 583323
61 32 568256 479675
68 15 240124 958150
13 86 634131 753362
30 18 541161 652193
88 36 862377 699238
42 99 891330 95609
14 24 890988 384849
14 80 184427 19702
87 86 477958 903498
5 75 635413 999892
100 58 622366 604715
22 17 839011 373685
84 27 560476 699724
50 90 703298 533640
82 81 636828 241911
31 42 258300 595338
23 100 50331 482295
50 28 339584 440352
20 67 475359 599995
38 37 146854 134214
54 8 557844 807699
90 14 677541 719387
2 67 286368 832134
30 15 35403 383229
54 89 238258 769533
2 29 614112 965
69 4 700681 316105
89 33 155851 53655
25 79 666737 373504
98 13 684909 921162
81 32 706550 29296
31 25 316273 550124
25 99 713368 912428
31 97 939220 496917
17 8 524649 923701
38 12 775915 345629
7 14 418160 341231
88 93 815002 501025
64 40 483070 300926
4 24 120197 356520
69 38 866043 651948
59 19 13884 837143
43 99 892331 187186
49 23 135709 317509
59 93 61869 248723
12 23 376169 914787
19 74 843202 920369
66 36 709420 685212
73 18 614836 805413
54 27 572996 755829
29 4 330443 467546
57 24 198132 582643
40 80 341840 566371
13 89 375305 895509
46 6 599846 41642
15 49 734227 468106
88 59 478495 359360
85 36 755561 301528
41 74 974259 632862
41 48 157641 682880
10 23 785567 280263
61 51 808469 658192
16 84 964855 735509
43 16 2892 111045
35 82 907193 149091
26 10 902594 17859
4 71 549742 499413
58 80 901217 414841
75 43 186961 8410
9 19 997749 134459
33 27 435455 590767
4 91 198871 442168
3 44 73815 678137
34 67 796295 48122
73 59 757463 418356
94 76 519115 493899
12 89 608495 249670
93 99 561142 914214
74 25 680528 849947
5 11 483256 173641
58 35 298540 460896
56 20 990745 378333
88 69 273714 587290
41 87 585649 762737
33 89 993284 71182
10 99 94107 951314
71 63 385378 541123
27 56 68696 595261
13 94 758859 236382
18 6 65778 384224
64 10 518174 206166
22 30 797843 433024
46 44 753194 883834
81 43 160853 43367
81 53 704056 36123
78 79 136586 840570
4 77 101012 87360
75 3 569977 285278
7 19 379271 818684
5 51 821466 560180
32 4 768838 442265
83 44 294339 831730
21 48 259365 50523
27 14 837073 886865
6 1 439990 440342
95 88 20677 144727
56 10 214181 312296
49 69 291041 43375
12 62 389584 844864
96 56 996274 801510
16 13 142859 643648
32 38 289053 555191
18 13 359532 65592
69 27 903962 869553
34 54 848834 918204
32 3 809839 625529
38 48 433545 533770
47 63 737118 281565
2 91 914839 218575
72 56 580173 510341
20 67 912129 77125
97 64 674666 210489
30 7 577905 211358
85 83 949881 893312
73 45 187587 294870
80 66 956078 444502
33 25 604359 522131
32 95 766830 260861
45 54 619020 932703
34 98 756372 762017
39 84 164824 110459
77 86 251939 277144
45 72 407326 257804
74 36 61114 306680
19 14 709221 644891
74 3 874170 159047
81 70 470197 433840
30 49 541415 962370
80 12 841768 877959
73 56 225534 51194
86 54 317126 895961
68 55 428935 728204
79 23 195979 21181
98 40 896089 400942
18 28 924399 725800
69 38 390879 93530
57 52 309665 120059
93 58 348939 333383
6 49 610103 26478
21 18 405000 412933
73 54 499934 429078
58 57 795234 26343
89 54 909117 297597
24 12 634597 281230
72 48 738192 786710
55 25 69173 85381
66 28 448122 810245
8 58 303518 908474
34 61 525140 990408
76 94 503002 918793
82 7 820591 981994
76 99 571155 494951
1 97 765777 171613
24 64 802010 112607
81 10 461798 751901
19 56 407448 606184
88 64 644399 170747
3 65 919538 805588
43 14 523811 955506
64 54 467884 547927
65 47 499598 912219
25 38 931970 64232
100 54 750497 699834
33 4 968498 741171
40 85 699264 779421
92 37 913739 257772
80 99 352517 738395
47 51 560871 97140
67 63 928463 515583
66 94 347423 812325
14 87 434380 882333
2 49 501555 207129
68 95 287948 37
50 41 281970 323253
50 21 612438 109200
84 8 101673 54948
84 57 574459 858409
48 92 16614 765096
97 57 676919 894173
13 71 706156 312549
55 50 427003 325773
84 46 828544 954474
46 61 379135 65100
8 61 751375 123700
32 58 552948 41504
58 23 657063 81055
88 80 226257 291630
76 47 23311 442716
37 45 103021 924272
47 24 478579 582551
13 93 856317 960207
46 66 32553 909460
46 44 46306 47045
87 43 681612 19723
78 92 413204 49072
19 14 389300 724340
68 89 545249 512088
45 97 441791 951378
49 20 921669 3261
15 13 178360 523313
46 18 330654 325962
73 78 96853 809372
22 52 662321 609611
33 28 350517 334152
77 69 363829 76686
90 47 967099 521646
40 96 206168 546629
37 90 546973 15702
100 58 802186 775867
59 8 665270 503127
37 14 70705 491919
44 42 99145 981646
40 73 646240 114079
83 65 573877 115363
96 89 562603 796380
17 25 383957 965231
32 59 811487 845566
18 41 889181 94527
95 28 776069 514058
73 69 885751 49312
76 20 539596 167927
20 78 852361 213906
47 83 68984 829859
44 11 71295 41354
56 37 273407 97125
7 42 624520 658894
99 56 937898 434549
44 68 264777 848430
43 62 531934 842478
21 23 161681 401995
10 50 893035 899752
77 54 522807 852223
13 91 785359 181667
48 66 89791 577820
88 36 333291 52952
85 88 509417 284027
80 98 330040 835730
8 99 579717 858094
76 92 421233 352493
45 89 371061 599744
6 26 163505 844065
25 18 222251 826647
79 32 958099 262577
16 99 611615 854885
28 10 859453 939431
32 67 903102 354421
18 9 258800 628268
41 96 967375 79570
66 15 442757 922943
58 33 677905 974466
69 89 26920 50486
13 19 282063 653531
93 79 264459 39078
4 21 647215 256943
88 26 229712 261013
54 47 381818 681106
58 81 876776 350672
91 47 831510 184120
30 97 973104 497489
35 18 950205 366245
93 2 908095 113921
46 25 46188 525376
59 26 376693 878414
28 33 403208 387506
56 21 937976 153377
92 87 776571 212199
50 73 448751 778146
14 1 764234 273057
61 84 372149 236956
53 96 52901 713187
17 25 961218 201905
66 3 539113 775675
57 56 317518 450930
34 20 325344 409047
59 72 324710 160769
39 20 591094 247746
43 91 457157 574932
73 41 338985 967594
36 88 463512 46673
13 93 15852 16266
90 1 925314 456954
56 54 8835 718754
22 27 690581 7416
63 47 16479 757840
25 45 182407 388348
82 24 294822 29562
33 36 582549 321653
2 26 778492 873684
97 43 890026 478823
34 5 76799 679163
54 57 854715 773900
30 54 344830 864621
92 20 785935 31450
65 69 29541 233810
28 14 236053 29531
87 28 490853 706084
85 11 559068 917659
86 42 497744 421865
39 51 344209 9780
57 66 599343 223116
46 39 724530 952238
35 99 371025 508802
71 9 560500 266742
66 25 535503 465369
34 9 498599 268335
64 2 958924 672203
37 57 904914 358368
12 36 521960 82104
79 1 673727 692459
17 34 865903 376757
97 5 911113 223471
8 75 13760 697194
6 82 493534 119475
76 97 866345 749267
58 92 501430 556723
51 5 573374 284117
5 97 527814 887611
58 30 779556 953641
96 57 861868 183655
77 19 745692 540963
10 18 547533 153452
37 24 344764 565900
20 85 317105 435656
70 42 933029 265432
3 90 399829 266943
87 71 96116 949171
78 19 205489 524978
22 71 270119 729831
81 58 883010 146388
79 18 237685 628693
81 28 754041 919728
8 15 499118 56078
1 93 621557 653452
46 63 518464 666813
44 65 953451 718876
4 75 844607 590701
100 72 941125 968157
50 80 107366 37989
89 71 433085 27250
77 34 888585 279836
15 91 743538 963886
71 33 468229 3785
98 2 335979 330536
75 32 445476 44229
18 23 381792 582381
50 65 234812 487879
30 8 193839 870281
37 32 437123 154235
1 56 535056 208744
3 62 85794 451054
68 4 802046 18892
12 97 767794 604818
84 76 83672 46434
96 2 619778 266204
79 42 94651 654633
28 56 199176 490553
66 7 984151 492273
28 35 230288 93335
100 3 19378 536629
51 15 225379 380623
59 25 144177 511439
14 9 980770 254558
28 8 412621 679866
74 95 947936 693820
35 37 297608 12471
20 98 479593 609096
26 41 874449 730185
92 24 950800 73547
89 73 879470 222269
59 3 755045 928281
69 30 643599 339290
59 54 175347 762816
74 65 900964 61088
51 68 130339 270553
11 92 472484 539743
65 15 795374 979246
82 48 824463 517546
44 98 98609 356465
16 97 502185 119966
57 81 92102 290069
96 95 438508 23620
99 88 197908 943675
39 70 137457 999240
85 2 329171 987124
44 83 732817 829645
50 97 886216 201952
37 83 921727 602705
98 13 627645 461859
86 19 773276 379315
2 57 416431 88176
77 74 412093 236361
14 40 841009 580334
89 10 576945 684687
90 9 711373 721334
97 88 54326 462067
13 35 430169 58216
13 93 987055 701173
26 95 238787 757524
38 54 57867 472542
69 82 338456 835782
29 35 548009 702546
30 95 886337 764953
60 49 270831 466363
2 85 866618 452918
57 99 380382 655940
46 39 836609 598937
37 64 55003 22968
76 100 547830 424121
63 15 55921 596846
86 77 442112 776900
99 48 160842 477653
60 64 22685 613495
61 57 472545 4115
82 74 100276 853379
35 13 602476 296574
2 23 914200 609755
86 11 729343 174958
63 62 128454 795018
59 92 532708 451748
56 28 702813 101226
3 15 1580 599946
83 95 638920 355570
36 11 118011 796047
12 77 601384 250840
23 51 415688 338007
95 17 413870 450898
68 43 413529 438208
24 84 430195 71141
58 40 924274 391431
66 72 780422 533974
38 16 238081 117822
88 51 491950 799279
34 2 181117 80865
11 44 485615 969881
9 33 49155 580344
8 18 446776 272018
75 61 416166 420317
35 67 571412 410810
84 41 817912 952085
38 80 187218 300727
31 5 310543 492155
21 86 249695 171060
89 95 904185 115216
16 88 713247 46387
93 41 871541 822104
74 81 777271 602043
20 38 931479 82770
34 51 7255 394588
58 56 307627 754250
88 56 330867 467277
58 89 661969 373636
78 86 909053 330528
44 52 903437 826039
74 42 882131 317391
41 37 871505 387564
66 96 990879 314016
38 41 894782 143274
76 9 72635 865123
13 72 224606 780163
34 1 432388 654470
64 78 343641 755120
29 74 88871 360320
41 37 149466 837901
70 91 895659 885916
44 72 13169 29099
55 25 537256 964940
19 92 712947 853108
60 44 400193 141991
19 13 242691 26095
14 99 319124 128048
10 62 495585 498969
80 37 197913 530941
26 86 822702 875349
7 66 505735 960820
18 66 466590 204531
33 68 648164 510621
11 99 869872 149462
3 75 213269 611540
61 20 858839 529701
79 51 92710 263497
37 68 702042 239396
58 1 477829 640604
22 95 43885 540244
13 93 730742 71641
23 92 713223 729469
70 65 130438 395515
92 3 406951 182785
18 75 493868 691737
57 23 248600 772363
93 37 672043 385885
37 13 221932 659807
83 97 921122 730078
100 54 479530 464115
35 96 148511 658438
41 37 526396 804654
91 8 33956 17565
88 17 278541 219124
6 2 25633 172004
69 43 996581 456530
55 59 211246 984712
96 32 94331 145147
81 96 64120 172526
75 72 822398 835495
96 52 64291 36637
25 11 826774 418302
25 27 194605 568053
96 7 582431 917473
57 70 311809 928072
39 70 701913 658064
53 81 392645 303747
22 94 118933 809244
82 89 654942 138356
9 1 146963 302269
79 72 553715 736874
83 86 412831 123448
63 81 652254 246438
36 57 665312 982113
31 71 368217 11816
90 12 458724 353585
48 58 594728 305877
61 65 711520 897149
68 21 196469 435059
38 11 139882 249015
61 3 380773 219840
30 97 566316 190292
36 40 943716 850201
43 62 103247 189955
33 37 391217 116103
80 60 211606 322815
61 99 935123 12949
21 31 634432 562484
94 38 364310 722055
52 63 205463 449350
26 95 544016 790775
46 83 335877 532725
3 65 979491 270726
49 58 443653 557134
29 26 671115 300681
24 45 577984 986083
84 80 199588 188559
61 19 826590 602038
13 34 475077 299773
68 42 534391 446134
90 66 936437 178325
55 23 690230 876766
94 3 125426 542902
44 7 688588 503182
30 47 635930 157963
5 28 466305 994080
95 84 438172 579842
77 82 14298 761199
41 82 577943 777832
17 98 264282 517914
69 94 250809 630289
45 89 350482 712830
51 90 251338 295715
98 91 246361 838375
14 38 797315 458862
64 23 824312 776331
34 22 988083 728961
19 90 905775 2478
6 28 529561 83153
37 46 837483 986274
69 37 374346 42641
23 12 978165 925302
72 71 160892 260269
55 46 112211 664972
55 93 795110 558193
97 81 102014 585238
13 68 540209 2096
6 26 415312 862321
60 35 981543 350414
6 68 527536 105424
45 17 866455 878548
92 56 199149 368453
30 16 819115 578088
87 9 627993 536733
54 45 930371 731027
80 90 476630 88732
84 65 222588 858983
80 72 774690 232772
29 70 989495 47416
2 90 696211 418757
72 25 11026 644849
18 6 211984 224883
68 79 643163 337085
81 97 616895 619362
9 36 782784 596424
54 61 932273 597140
91 97 707505 505886
6 58 183231 191616
6 74 790520 958427
79 19 551008 861356
52 79 90450 231158
95 17 400316 251820
55 77 816184 934563
93 16 181682 332074
71 9 666724 336722
93 90 208793 906512
45 8 46026 62522
57 83 310837 501574
1 74 152848 167885
1 30 359852 627463
51 1 945590 588978
48 29 673063 414868
41 50 982141 966437
46 50 290230 626679
19 90 134720 844587
97 9 125993 44705
32 21 179721 245655
42 32 997212 231399
30 59 262555 618993
92 89 525312 666567
93 73 237499 165296
100 15 913627 259097
32 18 882532 535822
95 42 599747 233671
11 64 989185 906606
48 35 782855 392484
49 45 327382 427685
21 96 826076 751967
10 84 485286 47312
56 24 533818 554501
94 43 584138 711177
100 46 304120 655140
92 53 868105 936627
23 19 155990 283327
25 89 169124 761880
21 94 631751 179611
40 74 246743 70248
1 93 574387 107372
28 47 2966 289356
43 67 779884 739534
91 95 572097 465357
67 33 524576 920284
55 66 285583 712154
66 15 967484 301796
39 50 511860 35619
41 3 427667 355943
83 38 371194 532808
35 51 536561 761021
32 100 325525 966184
15 67 265322 163464
89 27 643312 712834
13 84 827172 314565
7 6 739378 88688
50 1 454744 582196
55 5 389750 47735
58 37 52421 837521
38 50 821505 256248
83 74 723686 716723
99 23 677614 541996
74 34 173460 257715
48 64 856786 718468
38 42 985449 911863
23 41 228311 784088
60 93 774487 930706
36 78 221902 496436
67 26 213879 127669
15 85 292541 321466
79 72 937746 14789
40 76 260326 757724
24 75 318369 314428
95 98 525305 35568
90 45 118530 845993
77 84 157331 191387
59 64 18859 787660
56 1 860897 516819
94 56 20176 313083
47 75 814986 382968
89 51 720836 603121
73 56 387910 439627
58 39 469071 232555
31 18 727157 189491
93 35 390334 931802
75 89 224234 937383
48 35 289646 723641
72 59 854508 114466
59 64 428935 434927
98 27 392054 977465
78 73 179382 583309
24 16 499497 682886
59 81 548765 638954
16 21 692854 736233
30 4 583803 661259
11 20 181381 816229
26 86 647499 310576
24 26 582414 974033
40 42 571484 234927
62 28 511214 207459
8 87 683359 831722
42 44 45811 410196
33 59 709043 384482
72 91 66846 696023
40 29 550113 574553
71 38 472418 98034
88 93 936149 367828
10 29 267925 642851
17 27 952076 276465
82 57 530907 799847
16 18 440513 995604
26 76 250894 305360
30 58 279111 415088
83 64 44245 361918
94 10 532898 6182
18 8 743994 212450
48 78 481625 583289
27 20 864695 89513
22 62 522109 440670
77 41 942263 539505
75 65 945576 864165
84 14 748820 121885
86 6 590003 17909
22 75 382537 483394
60 34 367465 206052
71 88 232478 807270
61 98 666478 509476
49 52 818446 637471
17 14 629343 797516
77 28 505823 77889
99 79 304485 114679
48 46 95418 366573
24 27 673805 442361
92 84 288308 824945
32 67 555017 835565
85 75 25681 182021
65 11 378995 934623
57 47 703681 273628
9 60 842116 851912
16 31 263254 116624
68 56 433603 433574
11 90 154988 358113
65 92 837871 896234
74 36 178959 99670
1 66 211867 838719
73 43 199572 96556
38 46 337417 628778
41 32 735409 331936
93 60 648569 164798
15 84 424071 966100
95 10 133937 12527
100 45 362020 660681
2 95 114042 916786
5 57 319423 277872
85 41 893660 688197
19 22 829999 954649
97 53 289162 464891
86 78 155860 551983
21 71 30862 349238
88 58 127354 479068
90 45 40355 419557
60 89 857912 892529
40 9 582866 116838
85 32 333889 270650
12 74 294591 6460
24 41 879407 362589
76 72 85042 914914
72 15 496203 512594
56 72 914389 441514
43 13 78468 359227
83 41 445806 845121
78 26 502694 909579
41 92 572814 305863
76 63 592515 988492
96 62 821623 561848
90 89 958555 62773
8 93 628479 920889
11 67 713267 440417
80 8 492003 647218
38 57 60779 844824
26 27 541 723206
14 70 761737 364019
21 25 734503 986086
66 19 473152 774868
73 84 43708 639665
38 90 963238 242301
46 4 699728 141046
78 12 201259 393524
83 99 423231 462348
97 83 322376 767247
81 23 286328 727423
98 17 467483 637895
95 90 989910 223574
39 28 498057 214829
5 100 16001 788277
98 62 586001 216568
9 23 655093 570896
22 27 678484 820001
3 55 908493 169403
6 40 837788 984615
99 16 265670 142099
42 52 456154 151703
38 97 356595 894330
45 7 345618 318593
99 74 479085 940206
86 48 702863 487859
28 24 1146 539322
73 14 949059 491543
36 91 638322 708472
54 42 444705 190375
57 42 606032 608376
70 4 79477 47989
78 18 646916 305388
67 38 737068 80145
31 93 933183 908224
54 22 635035 178942
36 39 843949 79676
84 18 539639 812045
98 22 617581 923333
33 95 855692 96895
87 10 879047 245297
24 83 591400 249936
38 68 42251 190904
49 43 198206 410827
59 4 587385 256443
43 54 285632 841664
50 18 213266 675872
89 62 211129 501199
71 98 725548 864685
15 48 378306 544912
92 16 428007 634746
13 75 443589 409812
38 85 57617 542215
38 67 447107 696114
71 29 413981 183858
22 8 158860 151403
70 54 341989 261789
30 88 524997 345408
94 24 587288 985814
77 86 210780 509845
84 81 26752 350771
40 16 518559 253261
72 15 273948 288877
95 50 680738 150879
79 41 920134 659607
17 76 575395 527741
18 39 729432 587090
64 76 936934 530985
52 43 48667 262861
32 6 903730 220846
84 28 879240 801952
46 36 516186 979630
73 35 940203 708432
58 31 296025 209538
52 6 914352 730880
42 97 429891 875640
55 66 569322 92848
55 85 827934 423840
18 32 753682 98333
45 55 57413 73845
14 53 268025 112244
86 39 151282 487135
49 96 611066 915875
29 56 291788 809932
60 59 600733 437367
90 88 369065 91165
37 61 870263 857182
3 69 414724 75446
86 53 239292 88571
52 24 910452 371031
23 54 959953 633040
72 10 971601 992794
84 96 837968 810822
42 48 405784 280194
29 16 228740 366343
89 77 646469 190242
57 33 908449 448693
88 53 561573 965474
32 55 820146 967094
90 29 137053 176914
7 62 694845 321368
79 13 35503 142049
5 80 547618 507406
71 22 29747 717794
38 21 48688 597639
76 96 311431 468460
55 62 769524 596503
63 33 674619 208726
21 64 303933 670909
21 70 574385 921605
52 39 264154 755714
69 19 60408 51413
65 33 151954 534188
97 17 585564 171740
22 50 104719 793483
44 86 689524 28416
96 93 516549 155099
65 76 557341 957483
87 27 534353 180358
44 85 453051 678158
14 75 428939 850870
64 5 28259 460810
12 68 841111 424001
29 47 505742 669920
47 18 902763 663343
87 61 738034 682057
23 58 232971 444181
35 14 141025 178842
5 67 809086 733964
34 85 502554 814919
100 44 712832 947775
42 19 665999 260923
3 55 751393 678794
9 22 88876 621450
89 83 953514 803773
35 51 276432 228023
47 69 940590 963500
69 91 90234 807064
55 20 172761 418271
54 18 931768 22860
21 46 70007 278358
1 9 801029 395535
34 71 8238 109477
38 17 230120 594013
35 86 190394 913256
32 16 91837 103994
96 18 392531 482706
80 34 283274 270918
12 19 584923 132688
18 98 284405 717935
84 28 428149 805384
15 72 591688 138872
53 95 644190 550761
51 15 26651 466207
2 73 262522 382046
68 76 919492 414032
59 58 741210 506189
98 65 167666 396023
12 87 963002 929336
74 69 169487 818412
68 46 106422 437296
40 76 632713 747951
27 75 391864 951009
77 11 258146 954887
66 72 702686 257015
85 38 298225 330922
52 30 81304 112926
62 86 169511 990616
34 57 792448 100284
14 75 835295 866809
28 23 581108 108439
44 71 613930 935712
8 100 331853 351920
42 1 325314 742243
100 84 964373 970310
43 96 38732 300924
54 3 794230 867719
96 79 209579 904477
99 20 857081 458877
98 74 191078 807413
85 7 607893 290229
4 90 120996 784632
87 36 995163 536026
21 43 183365 565012
37 51 910139 369420
45 15 245201 140003
64 13 11035 208560
8 49 868222 947225
26 33 922252 837683
67 42 695568 929055
75 81 808597 403208
36 52 213516 466228
9 71 324500 284831
28 94 888204 186426
80 49 938234 841618
32 94 677346 647871
65 11 631134 33099
71 66 916951 897924
44 59 971814 915361
79 28 583044 906673
12 19 552275 565390
26 96 656861 928384
23 55 288862 877691
32 45 121663 494180
33 77 513090 434488
79 77 989661 496814
30 83 510140 395703
40 10 477130 589556
50 5 965466 504634
49 28 136159 999286
63 52 304630 412171
1 48 631996 38209
92 51 908152 376016
91 7 395395 990578
8 87 201353 334902
18 34 149953 374410
22 85 619194 357809
17 91 314459 578204
71 5 446128 468187
58 18 280237 872664
59 97 530935 843170
67 28 563487 797412
68 61 876572 387800
65 35 832632 922712
32 31 105013 684241
92 49 810660 986184
89 90 797097 316002
73 55 52468 404527
35 80 707366 567150
9 64 457093 597208
67 62 109845 853913
99 40 139756 495625
64 54 19713 483225
38 54 839204 212406
1 55 70305 910027
9 14 495786 903525
20 43 393070 232122
74 64 567797 568579
71 66 330762 920242
85 4 11944 78141
82 89 105409 282883
54 58 638815 76096
73 98 861278 806158
84 20 843349 756990
29 45 82848 368632
90 70 710306 518373
39 46 387775 331173
79 88 494733 488139
52 28 694863 501790
8 15 477433 926874
23 4 767033 975481
32 17 195434 505199
70 87 384602 129291
97 22 351642 47462
65 12 802051 361694
63 91 222367 274403
66 91 502012 767325
73 28 990789 314775
40 24 757551 415257
3 10 768784 535196
86 96 205873 558521
55 46 639782 335857
46 92 281910 427080
88 33 29865 630983
15 61 526917 395793
35 61 953862 704307
79 94 772069 527383
100 42 136440 439539
41 51 197048 490413
96 3 8196 925832
17 44 263643 852244
57 7 576757 438252
44 86 524340 747014
83 98 172869 793248
78 15 305918 918599
37 56 71491 79117
55 74 268040 138588
13 31 987891 761479
49 72 836851 999246
82 4 448736 163740
49 72 513567 81486
44 23 38191 322562
60 30 58072 497839
27 21 519007 218335
94 28 547511 810420
73 98 828621 380641
16 60 309883 323896
67 29 950244 868726
14 43 732635 753459
15 3 658957 626968
78 14 946257 267790
90 89 142807 215346
32 87 382873 907032
5 34 498895 914908
96 26 209838 375755
26 50 104476 208239
46 92 638331 210928
30 50 863051 634932
18 50 106946 324886
54 12 325457 22056
67 19 340288 923297
98 45 685966 89622
30 35 282568 798134
20 50 653375 431058
12 27 906193 995644
56 82 197101 868670
84 20 895365 859313
75 98 168277 184117
56 32 204668 447837
42 17 795841 223877
74 54 492670 328093
97 76 57633 379714
56 35 430507 743103
91 11 926490 444151
52 88 885487 155007
69 4 491335 840936
41 43 979676 163027
17 38 953275 230512
13 70 23494 796443
37 99 496695 490484
18 10 324311 182554
9 98 35347 71089
87 97 870039 589653
90 33 833449 725666
5 62 887723 844989
27 22 1776 616120
60 32 277141 127744
24 2 868753 793399
51 45 919392 136995
94 17 226554 52953
63 8 860493 634687
84 64 452188 165210
97 68 369972 363596
43 13 503597 481043
52 17 874460 340307
29 10 790752 912237
7 3 766287 523174
88 37 921742 286958
58 80 87076 855294
51 89 323870 80225
33 22 86334 682472
47 26 739746 519373
91 27 655050 546193
2 58 598384 64529
84 96 634283 351589
47 43 261291 264073
74 1 998761 910410
41 45 143563 985113
39 58 915473 858988
54 56 709979 18951
38 4 677261 951211
70 46 346093 61552
15 43 511417 726488
23 96 104333 69013
78 34 263273 552720
50 58 325086 988030
51 88 954799 44269
3 10 132800 861370
48 53 218193 854923
84 21 807073 308338
42 63 604476 845869
31 98 28748 380245
80 15 767087 628661
71 33 1007 790879
3 39 520475 483187
99 69 445466 521970
52 90 773694 650638
76 57 473265 803664
4 11 338997 1480
72 23 331167 469986
26 73 615427 78417
53 28 22645 689314
45 84 147413 514365
61 13 803983 69844
54 80 58366 825419
23 38 555365 140060
81 34 359268 578819
52 3 26970 204204
87 29 132268 935924
39 98 960067 572741
16 8 589276 570177
68 4 83106 167834
70 31 5557 960074
86 4 982815 503806
73 39 528325 57134
40 96 850290 42614
5 29 860334 328868
88 54 102093 924313
72 44 818475 176745
97 24 876342 72531
21 25 767368 729165
34 20 403809 674931
51 42 927956 9424
18 5 254006 38683
38 58 561101 478684
9 76 456290 820935
70 4 26172 953943
51 42 495947 634277
75 71 714647 901002
94 62 185289 27213
51 93 858698 102436
66 71 409750 839629
70 41 214792 700558
89 72 748977 933261
73 27 622280 615393
17 15 972925 297165
37 39 55073 436994
48 25 323829 412950
60 42 656515 839838
50 86 21368 207902
42 20 244253 20383
87 25 927972 425223
19 95 736815 235461
43 42 390086 57034
21 48 208371 742759
3 65 556282 891234
48 87 25448 609412
32 26 701474 257594
37 85 358651 395597
64 22 926137 648845
19 17 69381 713126
64 97 230526 216778
91 13 971553 659042
28 12 963897 143336
43 7 468315 124209
95 22 648721 886705
81 38 563768 976910
34 3 179908 302412
90 67 249685 121439
48 50 399021 639415
43 33 267226 431691
45 2 43499 411198
10 62 243661 559765
84 12 70873 141868
40 75 204088 619546
87 65 357986 987242
8 88 458148 745310
20 43 775209 230949
65 28 861749 525308
31 36 635665 655514
24 56 453782 310367
26 83 519444 788462
61 71 467841 397481
1 35 472821 23405
32 57 718938 88402
5 50 582479 616136
72 80 365228 623241
91 86 924721 555727
22 35 44723 989053
44 91 889697 310619
96 10 387011 603437
50 2 880616 449717
17 13 899977 873128
63 85 387969 138483
8 91 231521 627590
87 88 438743 510031
94 54 806277 427609
97 53 420646 911220
99 94 837329 748890
85 32 281322 23747
79 77 712934 40649
56 35 102568 860245
58 6 758236 659204
43 36 49557 635368
79 59 371991 676573
62 31 695055 511894
39 31 538279 564065
34 19 718639 221815
7 60 713228 750877
91 4 980915 562428
35 70 86729 57683
79 13 972740 767432
16 41 219159 5231
18 95 639437 753024
44 38 53093 997937
60 44 580018 238987
58 1 300030 382475
21 48 621398 744787
49 31 202109 381377
59 69 767617 460668
30 71 668825 901622
35 53 524057 993741
71 28 788753 218229
74 48 596662 989083
32 75 716260 532855
22 57 966157 625830
10 79 933232 407386
7 34 337265 988267
24 66 885786 72531
45 44 962927 311924
41 14 995991 611416
50 92 843521 104671
90 21 48588 18178
22 23 301079 142811
24 19 952707 131559
76 6 928509 342173
48 59 878586 443497
87 52 913811 504205
73 97 769291 782724
12 41 739295 937069
87 28 227433 873358
81 28 255804 951737
32 48 776889 768495
62 32 131927 233080
78 51 499519 158805
55 91 678224 85964
62 3 46884 556126
37 58 46438 556346
13 10 26966 352055
31 68 803720 427364
72 11 765888 751544
90 45 881844 90431
33 86 444631 581494
40 83 901428 291334
25 10 610752 974348
41 87 871149 751320
78 13 174695 65106
19 5 27896 261966
83 65 700902 123560
42 40 302790 456337
8 7 811038 253717
45 82 405386 572437
96 7 674747 86629
45 27 165911 663379
32 52 242799 803523
50 78 725015 291430
70 84 274438 897513
86 19 998620 477231
3 42 239722 310321
43 34 17757 24016
23 10 96869 943997
41 23 143416 216831
16 37 944599 547638
26 54 156385 896751
36 49 549480 979104
8 61 222096 910103
1 10 748269 841739
78 47 730468 932677
83 68 725258 496088
45 22 10752 668955
96 50 164617 446620
85 8 921372 426319
100 4 277737 103440
90 13 314773 64279
27 33 705575 919015
60 98 377259 318685
45 91 295997 899885
63 80 843845 500951
38 52 756123 493389
54 50 88090 572271
18 39 179667 849380
29 44 86951 592834
64 18 449286 456944
40 3 260621 546053
84 29 513921 156119
93 52 187373 537773
42 85 541138 524615
53 100 193405 370496
33 70 944480 639530
49 16 817685 492597
4 73 285799 214071
28 7 151793 322545
12 11 52612 109274
66 70 54763 948120
97 20 310436 220718
38 87 242932 200632
20 5 230134 740248
45 64 254777 104141
55 47 490261 792692
48 58 290766 699674
54 71 554407 447582
53 94 928195 244444
32 28 823536 105868
28 49 711036 786070
56 33 663339 261641
82 4 614780 111795
98 77 998447 306568
5 82 685430 386280
87 74 319329 630387
14 52 193742 758594
59 29 248648 808711
18 21 687968 540832
79 36 384224 839554
72 29 164062 582996
20 90 568385 947367
23 98 180842 615825
85 28 118432 860388
37 33 777962 965640
8 99 432114 962982
76 100 768878 144186
46 80 968090 322987
76 47 408823 313478
63 83 601402 594053
15 34 437765 625642
45 60 353942 792993
12 65 498387 437759
52 58 499924 952121
60 4 929048 401713
60 34 46345 646597
30 1 931756 429029
89 75 588465 396774
83 69 115135 530720
18 66 540264 945537
95 55 412391 532130
88 92 739919 410648
8 3 374289 662778
96 52 430271 312095
3 31 837112 21202
55 36 614291 474426
89 4 965636 914801
94 40 785551 804102
44 19 671097 74680
59 47 33692 941836
17 45 404160 745497
18 42 524896 789937
74 34 322887 650299
99 92 357347 914655
46 47 835705 830373
88 26 791708 823524
89 77 519378 360088
21 15 856585 117706
56 63 411973 936734
36 74 328999 519334
86 51 680829 345373
41 43 89849 773858
54 97 665527 798679
85 30 854389 427386
7 38 295857 151779
44 12 277689 479029
47 63 884788 992105
85 9 435109 908245
18 13 296437 604227
90 74 677765 77182
32 79 489038 809707
15 90 862999 8023
61 67 432907 681934
97 39 959847 535327
54 6 403416 135975
90 80 29507 333378
29 63 648959 393414
5 10 580812 818523
60 47 433922 322197
42 53 300692 926517
89 62 456650 651478
61 57 159649 764872
10 92 642416 61459
3 74 892221 140193
10 82 311393 148236
43 29 852455 960526
26 43 721617 263641
63 74 244372 512704
59 22 986961 230091
63 79 727437 614684
72 34 370101 930423
73 51 397031 642898
40 93 950486 772746
50 80 139912 434590
28 60 667306 30279
41 19 364693 65167
97 77 737461 56199
67 31 107305 500536
44 15 448530 373481
74 87 511465 124452
31 36 326737 639746
19 35 684150 140860
57 90 679927 487100
26 32 926061 851240
43 88 515525 236980
61 63 337092 806949
91 28 833513 490000
71 9 796804 836565
40 26 294394 590790
41 65 319885 948233
67 18 262163 967845
56 5 786628 107007
59 1 222275 348363
51 72 48392 887193
92 75 574612 848094
81 90 408076 999695
18 28 801455 936181
50 55 475585 694355
70 19 10452 275004
12 64 398299 37303
33 1 852584 435024
50 10 466545 63292
28 1 815136 484628
50 1 94060 803051
87 36 889668 454970
31 71 173465 185623
88 39 614978 679817
11 23 806730 815710
67 37 495075 10392
98 24 410644 626016
43 63 792148 905218
6 60 197287 404593
84 11 694531 394961
100 43 29493 197184
66 100 859677 922275
16 44 651323 584563
57 19 332122 56645
71 82 293531 834887
52 61 836456 84229
79 53 654035 931029
44 75 445292 472707
75 17 253386 472933
34 49 622234 211118
91 48 165233 454947
83 96 639846 24709
100 95 121797 918176
55 65 372621 464776
33 36 994334 477819
16 45 464949 873510
100 16 648610 725517
39 33 874086 223836
96 31 175365 506695
45 23 788123 834263
98 35 495784 72905
61 71 918955 958725
63 66 341963 109171
62 22 170250 251422
74 79 612383 636333
55 53 680417 106669
97 94 102373 788390
42 93 240573 873735
41 19 609583 464845
63 15 87517 946690
45 56 414451 858044
85 76 71694 729247
35 12 135670 855527
26 23 200163 474608
95 54 960661 317368
60 93 554572 302
70 83 251038 228517
20 53 584119 278037
64 10 523078 726147
71 44 773527 898538
1 40 803190 1996
33 52 686010 411392
17 40 358384 79712
19 46 381240 539892
13 38 801739 467194
19 46 208320 270881
11 82 572872 683940
79 20 973749 819597
88 87 793407 663387
98 88 484393 469512
75 99 497445 30256
31 92 465452 287183
40 35 237028 252897
99 39 853432 712088
87 22 62613 670631
62 10 464108 21476
34 3 878541 396094
95 41 35498 670209
25 42 88673 173499
52 2 187063 645831
7 43 273125 125997
56 59 3693 506514
5 30 817514 84831
43 2 25947 130100
6 57 136082 424556
41 2 625034 873260
18 36 884158 775950
39 13 551929 854750
89 30 954257 631488
90 94 870959 248378
40 39 347167 325805
98 57 768399 950975
65 16 918050 391170
7 13 236066 625365
66 42 997528 287953
58 99 629914 118331
88 16 887782 510092
85 43 103625 253583
73 57 233646 65564
11 77 917206 999731
76 51 268696 331851
62 24 620579 13249
63 89 936350 286412
9 88 112178 556448
55 44 885957 112152
37 34 572541 790441
42 30 343892 177887
91 43 272905 443115
41 82 859651 393813
43 57 258798 852097
72 100 926944 941982
34 35 908634 382724
99 57 479787 381760
31 48 367306 221012
88 57 263600 130303
90 56 854783 541626
94 26 81296 318026
38 46 849697 50844
34 44 914377 19065
75 41 147943 904531
46 92 919029 856756
14 6 796271 1107
52 59 297213 984093
91 12 900877 649511
71 1 42761 439204
89 9 311002 612176
88 30 562468 875818
79 25 177519 522994
20 92 172188 668733
76 14 386534 680285
92 89 467924 394284
72 3 867975 214769
47 41 571927 685815
40 52 779186 632529
56 97 253785 464144
9 58 563523 732984
41 55 926519 543033
31 62 883946 901859
6 48 517677 609658
53 17 431613 779147
40 52 215426 580076
51 8 609475 302088
89 83 89647 329697
92 1 90867 123126
72 38 588030 798747
9 57 253106 402887
56 38 907165 472742
28 68 486079 978145
72 61 238638 237954
17 45 375843 904788
35 91 890122 611882
32 64 763214 375791
77 41 281476 348717
31 15 677363 14181
41 20 815831 419816
28 53 144409 541009
59 74 625693 369165
59 37 871014 818316
28 74 194028 43852
8 89 802975 267104
36 60 850362 699535
10 26 558817 660302
44 35 141870 480909
85 93 738392 290738
34 19 79474 277176
97 84 106464 514107
55 19 258934 952513
37 55 651313 666936
57 6 856944 951543
15 81 518319 359559
13 63 502223 279801
51 35 818563 144080
31 43 21610 859204
4 47 312417 557346
6 85 61158 258519
94 91 968139 538912
49 16 582229 798833
99 49 395466 224014
78 30 232584 34022
90 51 978686 154210
41 91 651441 592482
90 91 348394 937847
94 78 791980 295768
76 66 55178 632116
8 25 180048 25972
50 22 348989 248610
34 92 952494 387398
80 7 397133 733370
37 91 997516 651222
95 26 795999 650479
61 89 653869 376583
3 27 457767 740656
53 27 785090 906679
56 46 872134 354849
11 81 228716 739857
96 75 743031 762830
5 25 620499 775710
91 31 338 336788
59 97 593629 436172
31 53 186610 609921
73 99 352954 661606
74 39 218788 210034
88 51 624190 781904
27 76 524923 668128
89 88 978152 262577
78 32 555895 101998
12 88 529962 325851
6 93 672126 774823
86 68 13275 446758
24 59 405306 528763
92 65 229494 724233
64 23 95106 93550
2 87 871989 127204
56 18 900901 270084
68 61 725319 615691
88 69 188486 989025
19 31 239444 136893
12 2 291796 244387
53 60 478953 496288
33 30 649624 902134
90 55 447275 103722
37 56 317339 383771
98 68 785900 594508
47 4 853610 224938
60 40 848600 325514
57 95 582116 509005
4 23 150644 746261
99 89 228271 175666
52 59 193022 645012
57 99 930942 204532
52 29 661657 269873
94 62 629167 673724
53 54 1630 324880
81 10 823872 693467
83 27 366393 841096
92 8 714593 214685
36 54 941994 922704
51 3 711192 712594
26 45 646292 368102
69 85 320578 745296
91 50 203173 165994
27 78 408423 387371
37 2 591776 866486
27 36 835885 538476
56 24 870706 827179
24 81 471322 106929
31 74 377254 334264
49 53 577012 68315
49 8 301618 598613
36 39 570876 399069
39 23 636119 626875
10 42 163192 885077
49 5 499420 967569
100 78 868313 805264
35 81 835747 332178
24 28 891390 490194
35 81 489105 91243
44 77 390089 755659
39 2 652498 645456
68 20 111308 211275
22 41 692151 671754
93 22 402898 444072
94 2 346720 244412
28 65 600381 77096
53 33 301520 831140
80 25 788668 702992
25 72 137740 164173
44 83 938778 692607
55 78 656661 986365
90 96 419560 878579
10 1 578875 672285
55 92 884405 113931
62 1 618504 724310
41 81 532971 705666
82 81 932421 143718
78 26 747898 723361
2 23 944465 676782
68 25 106531 182758
23 17 544663 935864
33 17 767632 104362
26 45 663445 395508
23 34 233105 447031
42 24 220867 263536
7 78 484713 916573
19 37 450827 227137
58 69 495793 649334
49 79 600285 73968
31 82 117982 770802
10 63 3481 188241
20 92 342929 829188
41 87 531153 921819
96 8 939016 104030
68 22 414759 840311
86 34 463080 789783
49 67 445692 844166
16 26 647125 54411
78 58 549501 164763
48 42 160049 972985
72 32 735107 235510
73 39 744354 336270
92 37 419027 437934
43 40 727872 334328
41 31 124586 722775
77 49 910481 115104
63 40 556143 106082
99 39 825822 218022
87 6 48304 40304
24 15 378021 882580
13 10 390142 660387
50 39 853404 231945
52 85 24418 904865
83 55 307220 331541
5 56 621798 511953
61 10 325357 122648
94 25 30071 890644
19 20 161062 230997
1 19 598370 866802
30 36 246657 650357
64 59 876389 304253
63 30 80262 301134
77 74 688602 600881
5 96 487511 463965
5 29 583483 59723
31 34 258271 88308
72 55 657723 135058
81 96 158363 976039
7 60 755450 553508
95 44 316276 840046
79 45 42446 310123
17 59 984890 237820
78 61 356593 955368
17 54 725039 678195
26 33 224305 525966
13 12 585575 683005
52 10 352407 80302
33 63 661854 945683
60 7 554892 312966
72 88 784894 333853
54 90 592895 736300
70 28 418408 273127
72 35 14538 504612
59 63 936140 758816
83 57 869774 613396
97 63 774213 742652
25 72 300233 473553
98 64 458471 894507
63 48 4060 860607
55 40 506825 739113
42 96 575765 238924
52 29 206593 167777
73 2 721063 460934
71 60 266849 325103
31 60 346719 841345
32 49 345760 870710
29 91 451114 525392
49 23 435661 452936
29 89 936846 335477
65 61 31138 226771
59 82 801380 575951
5 36 557852 86785
28 82 2704 356217
50 60 931493 260971
55 30 565580 560943
15 52 109135 688139
67 69 624509 189914
15 39 819703 795255
10 81 841706 572866
79 61 669439 149791
69 98 200059 459340
35 34 622374 987063
43 58 171109 983516
40 63 855796 612579
95 84 258010 504065
98 73 990720 679381
14 34 913501 318986
7 43 697352 340389
8 1 832876 255455
7 63 675565 275744
15 2 621951 134664
8 35 10361 595154
80 5 840033 111672
40 93 902343 615233
64 36 417889 890238
90 49 773185 511851
60 99 450714 812676
38 61 746096 847474
59 49 366103 824690
33 92 501296 973508
90 75 467014 315223
68 8 506477 307644
50 21 849742 831300
47 74 622277 486198
11 79 696885 667868
86 98 82746 391462
32 22 945313 332646
91 51 850818 54040
95 14 783913 329139
57 94 195840 348776
20 36 257600 797684
50 15 35883 563721
78 31 263207 308448
98 55 289939 528045
19 20 549998 995080
90 51 258969 174895
13 40 563403 710343
50 43 860024 568643
93 37 503616 944087
71 11 622334 510359
90 35 259180 116214
88 48 558408 518271
47 33 215591 244651
32 49 910124 183242
98 92 938885 988312
74 2 769826 899235
70 38 734234 65075
87 11 576412 968782
65 45 79538 44745
29 52 486435 83453
99 84 934024 517024
77 34 620191 179327
78 29 921832 634481
25 8 182815 667454
17 30 390616 30520
25 99 460375 39333
79 44 345131 112349
8 63 690966 847373
18 61 255833 728947
89 94 810801 60366
14 97 742470 214036
75 30 75310 793955
24 79 132674 804046
56 63 555228 416102
4 19 895557 431088
23 77 507692 27557
76 57 950306 890919
19 25 622336 317326
31 15 849773 385912
75 14 142379 793143
10 68 839071 443026
75 52 860726 386933
38 98 789167 206773
72 65 991058 435286
67 81 5480 107188
38 2 913925 34925
85 69 911465 902796
45 63 797840 773171
53 95 607217 98583
80 69 95376 833416
82 61 303061 738964
13 99 914257 475590
4 5 628141 575751
54 22 263449 891628
47 54 814021 611121
80 38 174262 435944
53 57 753277 15589
36 1 696433 230894
20 37 933086 420971
99 83 769231 147247
10 19 243827 588356
77 94 967541 159654
39 6 662667 451075
6 26 122962 77117
66 87 812161 532669
51 29 819904 648458
4 54 393845 739855
22 52 766675 42786
16 32 496824 530502
67 4 41579 704967
84 100 781375 456593
6 55 214010 586093
48 55 537532 82194
54 14 340544 748950
99 96 618685 276427
96 84 836032 348487
39 66 250171 881437
10 29 219696 987286
5 23 712872 755359
62 36 736224 446027
31 84 901802 190288
40 19 851858 788962
40 2 759706 705247
57 24 625494 844380
37 72 585654 214159
46 77 954772 60077
40 21 218631 568810
68 61 697172 733823
38 82 96132 476824
83 46 666104 618836
56 94 187759 794626
92 11 502007 904243
7 8 803811 195415
26 5 418439 570556
23 79 278877 212132
68 63 823172 120136
75 97 530436 655425
49 46 814286 682663
47 7 492443 406624
70 88 551262 495606
8 4 423927 585705
73 61 501076 759691
62 99 92586 94259
93 47 559293 869369
85 71 833375 533464
62 54 46161 18286
25 21 482107 497052
61 97 577703 179749
80 50 295540 184042
51 4 227495 811815
79 89 967870 77480
16 100 900903 69353
85 19 928371 852361
58 28 9995 830234
41 51 6583 183851
28 51 169651 104524
50 34 121281 40940
81 34 667967 678536
18 97 292189 870036
7 71 665477 235920
1 85 26705 653557
17 43 769371 353761
100 20 81615 843525
30 90 982713 373668
52 80 599813 170161
65 89 28656 147871
64 5 622022 325478
26 87 49671 660314
7 87 973510 521874
27 66 681753 522749
51 91 525808 925728
100 93 503651 345828
91 57 833433 965990
37 6 861077 985200
21 78 145602 517779
43 55 65935 662601
20 4 792955 960975
49 23 970529 961952
2 90 949270 113809
34 59 916791 700448
72 59 768184 41465
100 14 60493 674654
77 95 894911 739666
90 96 70470 281602
93 50 352961 693271
81 5 202838 14877
4 16 805859 309870
1 21 750210 835720
94 17 193862 228374
17 22 865917 419114
36 51 745682 502612
99 91 763229 274883
75 1 365198 659925
47 97 289569 743780
75 45 393181 634758
34 78 875733 868589
47 39 744012 577252
28 19 860114 140212
6 48 417396 536842
12 3 187912 118763
84 47 385084 20850
36 87 485359 929667
98 2 852595 428074
72 20 508938 634748
85 77 895928 357387
1 92 969596 478327
62 99 473286 791331
80 30 731970 8311
44 92 811792 154706
1 95 388599 72293
3 82 169208 248167
63 52 209149 688640
72 49 970656 56817
60 5 464628 792590
19 5 320335 433804
11 78 126604 857345
51 61 888239 658906
79 26 941427 390164
98 79 171876 872137
50 27 879444 303458
49 18 132990 382329
50 25 959223 160883
27 90 209275 850734
27 7 84431 446766
94 37 554402 701096
3 31 996122 429730
27 7 630308 533209
83 78 2257 766648
80 28 833281 391476
75 24 526447 411145
38 8 295364 234589
27 86 384759 111156
34 33 351608 180784
12 19 875559 483149
69 65 67406 769562
41 6 744357 461338
95 100 640846 598408
16 95 23651 121908
9 8 680047 334508
96 85 747769 882227
78 8 355507 101471
71 46 542714 75071
32 23 427445 241043
20 27 91008 897840
61 4 148147 449831
81 16 471536 736774
63 75 39307 291016
55 52 374387 866179
56 63 544372 81079
79 66 190702 522636
57 91 555885 151511
25 48 977513 354229
10 65 817831 485540
65 14 297593 244759
8 57 656723 202978
58 1 520921 934292
79 84 571910 865223
55 71 377076 481388
55 29 940959 266933
5 22 537654 807925
22 85 767817 81293
59 11 934032 398062
49 9 328284 969644
100 23 525297 565912
78 6 275477 233832
47 11 91216 545388
56 18 120304 343550
77 36 400202 455047
43 71 86926 338680
45 23 752285 137934
31 47 343234 106638
46 60 897080 876423
97 76 606309 534721
12 18 326755 982066
95 44 122897 537444
21 47 944001 260431
62 99 24877 958888
65 3 104999 350948
59 38 36817 59727
85 66 901853 37393
78 43 650168 695996
81 59 242918 633253
58 55 386060 603768
11 53 527306 617047
58 69 585491 510136
19 39 631114 88609
38 20 236801 429669
99 93 716446 441109
92 60 971761 269880
99 89 165012 654021
71 9 936667 811694
57 15 386721 961089
54 91 538438 64919
59 96 503273 893300
9 66 65705 998714
2 63 906754 696851
51 20 184907 647054
81 92 693229 126118
55 96 311385 589207
49 82 971338 611624
51 44 855473 805195
70 21 45886 803007
87 23 343597 906265
31 22 476439 486992
86 88 414363 740360
67 87 10919 880357
9 45 689656 372585
88 93 394195 297901
45 38 520727 440678
82 19 51678 195417
15 19 609295 885477
84 97 647914 587655
43 58 503635 56388
20 29 520181 841297
83 54 969673 191857
25 45 987078 842919
23 80 237081 274837
84 2 532122 541965
9 65 120368 263254
63 40 862341 868714
64 1 14978 695481
61 15 841865 27248
49 18 768381 670803
49 91 300526 163424
31 27 426165 204887
38 60 717445 407835
52 18 853134 960251
92 62 779631 293790
37 71 229399 351731
23 28 815570 550272
61 99 421472 26952
95 22 103824 269915
19 14 228361 721796
12 55 56620 451965
84 93 502661 490871
76 37 278447 920258
40 39 146653 312979
89 2 499647 616179
53 76 983390 71583
60 82 385011 266640
19 72 502799 910281
65 31 217373 427039
66 16 482768 963270
36 94 456201 899240
82 97 485245 460817
7 91 171194 524530
81 9 227328 209726
31 19 350873 351597
62 33 827360 448808
80 36 86177 179494
34 60 926024 79352
11 15 629055 475609
79 40 682433 270587
9 73 326061 668634
60 79 645230 440159
81 60 426947 816534
79 13 498676 609595
70 85 768257 649513
88 50 683745 134770
30 11 331921 987988
16 40 894221 811381
38 19 678848 535553
69 51 447789 355413
97 4 257520 46949
70 79 532126 258607
34 84 587588 871034
15 52 326002 18929
33 26 318461 868751
6 3 995366 746041
67 93 162904 706097
63 11 564448 141767
92 94 705630 522091
82 18 661842 855562
67 83 86895 971742
55 87 141611 214984
30 85 561088 644021
46 73 579374 331158
44 20 930330 854827
16 14 643400 579249
8 5 853064 814956
95 19 340705 453926
81 88 27651 173071
60 81 138143 799838
29 36 250963 933670
71 30 958500 417074
31 62 351974 750053
93 16 51590 41639
85 90 359 592294
60 66 740345 700917
38 61 390083 790209
52 35 41914 444146
49 28 797999 451321
40 47 163750 447881
47 21 17436 253835
87 15 874709 496466
18 95 666801 614602
59 27 751144 837501
72 8 373164 232089
52 86 297993 412313
32 2 830857 4348
99 32 944880 461421
13 23 735067 321985
19 59 917203 505010
3 28 590428 736129
83 9 982232 698395
2 60 394619 1399
95 50 70199 562492
74 78 196950 493874
90 63 770396 89286
22 93 531965 4063
75 47 702264 222300
68 80 728028 904872
30 40 761490 712066
66 38 90922 694573
31 43 241100 346588
78 76 962440 914771
52 41 827554 556817
17 60 653980 443379
49 48 471835 397116
41 88 255137 162580
4 97 135549 900730
22 27 317298 1796
80 53 412015 810255
35 44 412239 355664
8 76 22359 683106
3 16 565711 876995
7 86 186610 371986
41 68 566041 644750
96 89 869790 880354
84 82 147723 707005
39 30 903011 592897
56 71 50009 998924
36 47 979568 880995
22 32 950509 635719
98 79 526032 83189
11 24 273780 580630
35 72 448343 860656
80 89 874919 687886
21 26 752907 927670
52 78 598163 120674
97 77 42686 157076
18 88 710473 144114
29 17 888294 60756
85 92 210139 293219
6 90 74090 645101
23 17 674768 10363
84 8 571000 719272
85 42 917254 997861
11 51 707371 273969
97 13 647799 966453
43 45 881594 390340
10 21 952655 425655
65 77 353935 668661
13 22 503403 284278
16 36 491472 278423
89 24 443672 409018
11 72 842310 454424
50 56 650853 58048
34 6 584806 867864
87 68 372820 189617
77 68 351784 872438
28 4 239652 645640
9 71 429755 625430
80 25 650347 210293
99 45 333135 83805
3 12 534543 543607
24 58 753462 875308
5 57 489235 990060
54 35 883621 44551
41 76 290498 262172
62 50 117053 674110
72 21 780200 999101
45 79 121985 380619
12 67 127727 200231
20 19 290640 685866
25 88 466694 533772
92 97 563457 262880
58 10 906672 520350
80 91 628316 57031
77 83 919901 591602
40 2 494749 282122
66 38 103011 23769
9 15 443164 291481
79 24 313742 746290
57 60 349058 324058
56 18 182657 25398
80 20 382245 125514
91 3 999869 22709
41 77 81066 444320
12 25 976755 228820
67 19 801611 402847
79 32 882673 771901
49 90 541938 743464
61 86 56685 601290
49 10 141292 949624
55 28 794275 546084
37 25 854324 241967
36 90 109064 248735
50 56 300307 449407
63 87 869533 973643
40 100 787359 755230
23 89 310740 290752
84 49 11657 318182
89 49 921038 634139
11 6 131661 768571
36 85 703797 735612
38 19 217329 579355
48 88 814117 933302
44 80 74335 312236
28 16 570552 355257
8 64 443292 738755
57 89 841829 978036
29 36 573967 836387
78 17 808560 560302
23 76 174502 659633
46 38 99969 451416
28 46 735631 86113
38 32 305606 275031
46 4 229898 437662
70 94 862066 487688
11 21 185881 976421
28 75 314711 812404
58 43 137403 275935
63 80 954385 547271
30 19 447759 467242
33 61 829132 749049
2 82 508926 359970
46 59 130921 291756
83 84 315790 438429
85 71 957358 800267
8 18 415358 732705
21 23 448409 458905
91 71 230983 564755
100 20 298114 695033
68 37 761577 169499
97 54 641313 737653
14 94 655833 190916
27 80 315359 50992
14 95 661444 53135
68 95 496836 643105
23 89 449318 206531
46 62 713284 249461
95 50 812803 248817
44 2 229912 391540
90 71 241900 921139
77 47 811319 310428
76 58 872485 979170
85 31 858212 775408
72 80 810527 939202
23 48 919125 767555
97 69 831304 699242
48 31 577138 38330
26 90 453629 35104
6 59 711597 543174
33 88 389059 971502
68 31 134830 750100
59 9 366123 28149
31 98 603868 823290
55 43 329532 340842
2 10 207161 681685
70 53 14408 657565
93 72 697441 126301
63 76 152025 895492
74 86 592562 772737
16 22 721315 511370
94 76 244445 299496
10 89 686342 163689
100 29 764505 487901
95 77 793714 991376
90 14 88255 9287
68 30 830934 419859
33 75 377647 61727
55 72 466241 985281
50 72 298420 381742
65 82 963456 533724
98 40 172438 631027
17 25 771824 795422
34 10 5037 158164
99 65 990860 333987
67 79 387371 135345
7 73 710189 870622
83 50 273750 70089
99 49 224394 983339
10 6 633988 691960
91 98 581566 122857
36 44 32206 980748
11 38 248519 254604
23 11 819626 771879
26 30 805128 568148
92 45 569459 687768
24 49 372099 826333
79 55 307384 783678
14 81 687695 196178
54 5 463739 517094
46 61 775701 713720
96 54 228997 650068
26 13 988393 623859
55 46 284229 26558
94 19 424506 595202
52 10 906577 224778
82 94 722205 809902
79 100 449721 84537
97 52 227052 928511
72 15 199348 109584
4 11 534975 929813
36 43 603618 744955
41 20 410238 825677
50 30 878640 529310
23 61 78407 250895
54 75 988932 122284
20 38 894321 928028
44 78 2895 206825
59 44 385061 7249
26 68 823282 266541
10 71 667918 281187
39 99 292664 238045
5 69 383773 243360
73 53 767574 673900
31 44 375638 163005
10 95 598845 505606
45 87 688723 572585
37 63 951665 832625
1 21 331812 629918
35 73 101361 811491
60 34 877046 797876
23 76 681535 690905
83 70 268511 512353
87 54 430160 167197
35 6 505840 225234
61 28 810671 114800
51 33 202796 822363
70 96 508062 691713
52 94 20875 416516
100 63 799978 819977
40 79 977896 515363
27 45 802809 41136
57 51 631594 564442
71 26 592785 746712
44 5 138215 865125
88 57 202068 783672
70 94 186110 867589
82 5 489844 434893
65 35 804329 838782
94 10 888424 774638
83 73 46210 905395
3 35 24328 399016
9 27 547983 471827
93 100 214386 531459
76 89 962352 13156
57 92 836829 503185
91 25 267097 243110
58 90 577384 608670
64 27 948664 657029
26 55 550365 336116
78 4 60761 449842
37 84 294771 972916
2 49 157948 809028
27 14 645375 586131
62 42 104237 582593
86 20 478821 377951
37 13 756679 322029
59 90 334717 416165
28 92 523961 700293
28 18 911730 739636
100 53 800000 304766
15 14 438675 838761
29 47 272537 805230
1 17 920616 510945
25 24 106730 496832
19 45 259952 91069
47 39 3745 218053
54 24 252518 56959
65 97 134356 643679
65 70 458674 9853
33 37 947534 952769
29 49 949399 29870
72 77 854041 871621
44 96 927387 406482
89 18 785026 91745
6 53 223141 743978
42 12 625617 62829
31 43 666063 441937
62 40 523515 160708
14 23 330551 550693
34 22 72588 230334
5 25 657092 1808
82 2 371466 503743
87 55 448355 213535
51 45 957131 893026
66 8 740287 71293
20 77 613516 658295
4 60 548204 283131
72 90 55095 450655
54 2 487884 110201
50 18 485476 730169
82 98 271667 472221
54 95 30999 558830
29 17 79540 427949
61 81 49326 768528
85 44 805237 30650
97 82 313036 504020
28 96 177332 558565
73 74 68219 140896
93 42 755330 120377
68 39 968070 578552
13 78 800763 635685
99 29 881481 908156
24 63 23283 190468
6 86 576636 455615
63 74 201755 767555
53 21 86244 279607
22 38 626994 680353
17 55 220594 107943
24 26 275908 739651
97 84 808697 379268
52 99 536707 842721
2 4 152503 794870
48 99 117776 756220
64 4 822888 498302
26 79 455405 546489
92 80 421362 8969
23 40 663010 450648
44 26 716799 30724
65 93 855347 622683
23 32 157145 135463
65 51 847737 754546
94 84 756146 321717
15 60 230278 572247
84 38 355061 448247
64 2 817069 206946
44 82 259382 542637
17 27 470426 441049
55 99 250553 984888
14 82 300101 829301
43 93 972690 566012
78 49 237503 694880
47 87 694299 421626
79 50 984913 488
80 24 444991 840543
54 97 339706 94451
24 31 527209 948371
46 20 893569 331804
10 4 402939 266101
41 47 106717 570395
54 86 955432 143706
6 39 757117 541969
80 21 125922 68730
97 77 764702 98268
61 87 68253 925347
2 39 310397 390592
10 97 730987 821063
23 56 146816 811311
95 90 890785 498569
62 33 696545 68009
1 30 268683 998219
73 86 7218 390677
62 65 855125 226948
46 23 737675 897370
72 33 562307 844982
97 58 247807 668421
59 32 751524 527567
10 93 563397 195663
20 63 635510 601678
6 12 215965 206645
94 59 555783 57744
92 74 957614 863856
54 65 134990 936366
93 15 350871 338938
23 80 304248 90033
57 29 233530 761906
53 15 205491 319842
17 16 58500 545370
64 74 968811 887219
50 68 108643 83751
55 11 364805 400634
67 96 586624 827499
91 4 331914 77324
83 92 579748 732314
88 31 378771 380007
43 85 899812 83365
91 11 861543 28604
21 73 797939 694505
32 83 136275 386958
43 1 554430 482494
93 68 586233 224549
52 88 943604 416214
77 25 524248 853218
54 57 573641 840894
70 56 970063 638883
35 55 101430 177320
22 92 302671 888255
48 72 322405 996060
50 47 787662 110564
100 59 135399 466682
26 23 979569 654270
34 6 382479 181970
41 5 999205 718787
17 69 563793 357147
90 58 686014 741198
69 31 427415 404087
15 9 625412 157977
53 17 434188 880543
29 47 51128 541708
18 64 97565 814358
77 56 622553 112798
21 42 198457 402686
64 88 77077 626204
35 84 875074 86214
62 12 757441 633146
57 69 587771 998375
8 14 14074 117826
16 47 958888 789571
87 75 482440 509150
57 59 487598 826391
62 51 235380 67445
20 38 139748 765828
49 27 810458 646177
37 51 812703 504502
22 82 112303 828670
52 57 675191 502872
57 26 189951 439825
28 82 382146 484460
68 45 889195 432841
86 95 164552 510070
97 64 379922 150929
13 38 794286 427002
58 5 558460 964034
90 41 423962 693275
89 83 324920 280555
42 53 301777 576847
95 10 735544 934060
89 11 361351 729826
37 87 30042 945008
85 84 686572 137700
84 44 533943 657464
18 83 851443 443545
20 93 435931 250823
98 41 134920 647251
66 25 440198 626524
3 86 610760 179737
25 17 293777 669772
90 64 112365 352173
31 71 188897 886254
23 64 72622 180194
67 38 40318 413860
27 35 238751 583124
58 59 637678 409402
24 82 262145 958190
45 94 672837 810328
23 83 163217 129746
77 4 642221 471449
48 88 671241 673486
84 95 624164 676650
65 8 439199 615667
97 34 931256 25613
3 73 133621 507325
39 5 637679 695535
21 33 399431 873497
76 46 981559 77845
16 98 699790 37436
97 19 642305 789925
10 78 30942 319832
12 56 892953 61829
15 2 512053 613030
88 9 627513 497999
58 40 850059 330251
31 23 263308 213986
39 53 679509 729806
88 23 518322 348167
16 42 777406 614319
56 12 63541 948468
42 16 153056 404944
73 2 50298 234077
48 57 12905 590584
96 59 512616 232166
67 81 600388 552110
55 85 644552 789609
27 42 910771 761579
46 56 952542 959702
66 88 280996 356455
92 35 282743 763878
48 98 854521 88822
59 72 723378 328432
13 25 921167 649612
1 95 382077 396233
16 70 131964 367815
57 31 38227 213448
96 77 588987 284702
49 53 670307 791258
55 42 810209 603043
60 95 858241 542577
31 37 569337 511326
70 53 60732 293772
56 40 610662 382976
69 99 767617 671379
89 49 238896 350573
16 41 527199 863826
85 12 784023 255071
72 44 848601 758148
58 73 941138 970015
92 81 979101 451707
63 47 985293 100765
89 32 556484 138913
72 95 861337 58708
86 18 136378 372937
1 94 148766 510483
78 80 594605 702437
82 11 901561 202194
46 12 404517 683272
8 60 363035 158632
73 25 789349 265220
92 42 555675 257496
79 99 749553 553701
45 35 745989 178605
47 57 965149 946492
2 93 784344 728125
97 64 573065 645448
20 73 319815 537779
77 100 819484 543221
76 28 890026 139074
19 63 587183 484974
95 60 885996 412514
68 97 797880 905106
2 36 391979 411822
85 17 689579 838969
89 7 900312 563156
48 47 968910 309584
9 43 901256 239331
10 52 838476 89363
96 39 347840 709035
30 81 899194 836825
34 84 995706 461049
69 72 927642 608317
77 76 617953 903465
15 8 528399 744732
9 94 160773 94978
34 83 517748 661393
32 6 276276 379323
100 87 914392 44239
46 45 40771 335515
7 16 791577 429589
13 56 983172 454916
13 96 614434 757473
46 79 812442 445559
83 80 815256 182641
37 21 85569 696997
40 96 148966 976909
11 76 250533 620147
52 78 423591 306503
71 13 64273 862128
38 55 605725 884402
74 46 385656 396113
69 31 301001 497680
20 42 343447 486167
70 89 609559 409852
23 53 879277 527090
26 78 356513 638219
8 88 665613 759268
96 25 697424 106208
98 56 398725 858507
77 80 98764 670719
42 71 466656 400883
66 48 693387 24465
76 62 992188 202587
26 73 10999 473321
14 12 250815 534762
77 60 83624 588663
91 100 463711 213354
56 55 926074 734716
28 84 965694 563950
13 76 391419 470893
54 25 748201 261627
50 44 401453 829142
20 58 377253 45790
19 18 552166 466289
4 99 286423 310021
8 31 94210 691382
26 72 444811 566920
3 88 288369 368033
25 24 400003 787950
15 13 136028 691766
42 60 696048 618278
43 12 484641 842356
95 33 666423 466623
23 59 508201 511174
73 22 602003 470096
20 1 562705 303532
41 86 294028 334046
81 19 615243 416630
4 90 272845 952074
59 32 58809 856393
88 78 489405 497020
93 83 598167 666827
49 68 542218 229019
32 100 691015 986645
54 13 416266 870462
33 57 301767 38912
8 30 991916 983954
54 37 397642 236512
55 56 478514 765276
74 4 319762 662616
18 55 722981 211357
18 71 29245 926154
58 53 393403 663242
66 89 228295 392279
77 48 37629 724062
98 25 356301 787840
66 2 16861 552000
20 54 460927 181849
76 44 314249 528264
100 70 944209 340950
29 8 218485 300051
53 100 183644 459885
25 67 882398 198519
59 93 28290 266970
83 4 756546 31754
43 65 169854 504555
52 41 897809 252740
87 85 388788 784498
8 3 152986 502327
21 72 675384 818635
47 43 217385 527200
73 43 225867 24242
32 42 568419 472848
49 39 313486 504512
44 26 274199 551532
70 72 34614 404017
20 1 677130 85254
73 58 929833 639182
3 88 952500 923727
25 26 480037 3749
75 29 542078 237342
23 95 477518 649250
66 50 462706 685138
35 41 272066 940473
25 27 489892 957768
24 98 892059 685931
96 64 216407 695474
11 29 40555 743333
31 20 985874 781048
19 24 966392 49
32 2 701366 7806
95 57 210277 728583
10 92 508997 122555
96 59 225880 317037
39 76 356518 243563
44 96 875928 374585
33 65 426907 653525
3 52 803302 211938
54 27 446967 967534
69 24 677127 696812
44 20 870920 676050
24 62 313864 484403
49 37 938994 62867
85 80 673412 622847
81 42 611025 498084
25 54 730192 533695
99 85 375047 106070
94 66 219246 367380
96 39 930884 808439
74 32 257331 733684
44 84 748748 742010
28 49 839012 807211
16 78 502829 51786
18 39 207753 807851
80 94 379891 58913
15 74 102016 856251
19 84 262864 803656
55 46 876349 204284
60 20 789441 963365
33 83 497484 840519
41 37 285667 145441
86 35 415431 470684
78 52 574537 555310
30 17 309567 873143
90 96 659586 39389
78 59 709735 629358
29 35 283487 503054
4 64 492335 229362
79 88 361641 703610
55 33 251418 552224
29 60 290773 418259
18 35 544780 721523
74 24 132524 987072
31 12 15058 335810
51 82 672047 230950
82 76 385819 74082
37 31 351599 744603
99 49 332657 676251
68 41 79135 564509
54 22 229287 298607
40 70 911902 211890
31 12 768637 244294
92 50 615033 110677
16 6 458943 68772
91 57 95140 380481
75 41 994843 60293
95 53 708910 4557
35 83 503468 95363
55 82 446695 372780
29 38 665540 869214
99 84 991107 199608
84 75 711463 501273
87 74 650616 817054
78 97 292417 515630
85 45 168136 842652
33 17 226453 196506
11 95 404627 222427
14 72 119585 318724
79 95 897682 648866
9 58 861884 253176
2 84 295124 353884
100 32 998575 447290
56 94 663600 276791
92 14 976124 280504
49 4 672174 607267
91 10 263341 294730
57 97 650919 703324
46 64 347463 799824
24 8 524515 384279
9 78 605258 854055
64 85 620839 598723
36 42 49112 619574
7 42 354559 467484
52 63 948125 92885
63 22 785731 701604
57 29 324205 210308
56 88 53389 395302
46 36 323161 328451
95 96 684139 193945
26 84 460797 79683
78 59 775758 837015
24 69 744007 602594
48 55 55780 76081
71 67 666866 147470
84 31 815094 967763
94 21 81727 56760
20 47 716539 541706
25 37 945311 120547
85 98 478495 843545
36 80 939805 307010
46 86 433477 352876
35 38 968952 867902
44 73 961731 776222
27 79 529148 819010
28 80 799825 215004
1 18 955534 795632
30 27 224244 708510
99 3 543087 283039
53 48 109985 151863
1 89 542719 221945
77 17 864149 588989
97 57 32370 988981
8 51 234534 880587
7 4 663096 752157
59 35 993231 747095
9 26 280171 201334
60 9 495217 186666
92 72 419173 653692
37 43 111948 268126
58 12 677084 534202
27 100 539953 298952
55 97 958380 231087
90 69 984429 368236
34 44 596126 326300
31 21 217834 264656
25 49 348069 200985
21 85 513477 769442
91 22 267734 15951
80 76 454120 324348
17 68 450515 67140
5 75 615564 74619
39 12 654770 516090
55 47 125248 286958
17 4 797914 495414
24 73 95837 142499
98 14 327514 589260
49 92 933822 904773
99 74 467383 688781
30 20 523110 462678
60 45 338671 222611
87 6 283621 248444
82 4 955962 762323
26 10 104875 530607
4 69 98367 2905
19 88 154595 81976
39 3 55614 118229
90 34 562292 222599
49 76 249149 491515
39 42 977866 237737
64 97 728221 820802
44 10 5194 170826
44 32 540986 599418
66 99 510727 991453
35 10 980590 971450
92 89 807084 138318
35 7 706270 962206
15 37 711644 437210
50 38 739446 83693
11 100 480141 393967
27 92 334815 315078
38 56 615255 862453
48 17 726441 458160
27 67 550211 87521
22 31 748854 867841
38 85 207368 122986
83 70 333143 557589
69 79 431816 624591
24 97 878046 679913
47 7 299966 17974
68 77 496047 381827
41 63 303147 41643
37 73 134469 35321
72 28 406200 664939
56 27 571568 842831
27 28 981069 381007
29 76 287624 817703
42 55 615397 874765
100 83 151807 211041
4 40 140332 796118
4 14 843557 339434
80 25 123341 468052
24 83 479567 235726
83 69 674531 467500
98 67 503817 399242
1 66 557403 830835
98 57 314756 511803
1 60 417658 978097
77 94 464519 558816
73 33 169921 771586
13 44 233148 825373
94 19 759454 449459
91 96 577807 767343
65 31 298878 434318
69 89 457004 757463
76 15 579893 16809
46 52 529808 706434
62 61 959991 914215
32 78 230068 559016
78 49 624183 704044
22 19 215632 665120
52 80 221711 132632
89 7 192566 25902
34 23 877768 298730
23 8 114374 414856
6 82 580222 712099
10 14 756213 373910
90 60 941326 227106
88 38 664115 84517
41 72 334444 851315
15 50 479205 113752
44 67 405768 429083
93 53 369636 636919
57 76 653592 961032
19 13 388695 441224
99 50 115424 227240
48 65 955674 513834
31 65 823568 489374
6 61 40571 618434
85 50 323646 102123
88 77 615214 859894
45 77 723654 876593
27 30 243106 258488
58 36 721313 842032
43 90 544269 699115
75 16 506407 382545
33 25 535087 255518
16 70 538130 748816
86 19 843150 889500
98 71 197431 944823
97 22 797099 525144
43 8 314351 989560
2 3 391467 498034
76 5 570377 553753
59 90 126525 379469
46 81 775776 971581
95 5 723124 175688
16 94 21944 627394
60 37 712541 902082
62 56 708750 717431
61 11 901323 532417
13 42 446876 386541
100 70 711125 323052
29 21 835166 239898
97 31 393562 512159
2 20 112965 229724
14 32 120047 393939
47 53 687466 917003
3 53 946637 767840
60 22 536050 108205
66 53 653877 762781
91 93 483635 867001
55 45 461642 36366
56 25 355016 900983
13 19 618981 349104
13 39 2209 323383
78 5 868965 513629
57 63 206796 789790
1 27 788522 718918
61 71 457268 9872
48 16 3292 229508
35 83 601368 634093
56 27 277460 459716
71 48 373439 515428
42 14 478607 422862
23 83 796760 346091
78 25 417550 555478
67 96 460897 669244
72 46 563189 916537
92 12 674043 265721
29 78 632347 761665
34 35 490363 915747
52 94 54617 492363
25 84 612338 535653
38 42 312201 980224
25 31 168107 689599
6 98 154762 266154
61 18 363812 476290
64 58 689259 634587
1 23 10942 790696
75 32 344797 62708
82 50 928677 960770
28 10 712466 44670
90 13 221231 759169
40 26 260188 790810
20 41 430196 789967
37 42 922561 801873
92 89 561884 250382
37 34 565700 818226
10 98 989674 67488
6 80 327084 144080
49 79 231355 409936
83 91 830395 346707
13 9 601467 574674
30 80 275368 330660
16 71 738648 248664
86 52 402630 786990
16 47 7975 145601
30 4 333545 17466
90 13 778311 17634
22 10 285060 133795
95 82 574647 42080
10 70 159545 631837
93 25 105443 583148
25 95 9638 340828
49 92 164977 328655
44 16 378091 747594
92 40 410685 801744
72 91 512612 695776
62 21 15506 247605
69 72 455707 460044
16 41 195228 895193
85 4 9527 195315
32 7 610825 593944
69 26 575711 760977
84 100 645809 825500
42 85 870227 920102
56 46 558567 90420
74 68 513220 913668
96 90 509712 669905
3 100 493851 409778
20 11 464417 762514
87 9 510146 827878
75 48 32261 969767
59 53 347961 183835
97 60 154014 807102
15 94 787887 150199