100 9901 4999993
67 92 1 4
6 46 2 2
45 89 1 1
83 31 1 1
36 31 2 3
56 14 5 5
86 69 4 5
15 45 1 2
58 59 2 3
1 64 4 2
39 44 3 2
37 33 2 3
69 43 2 5
83 23 1 2
81 51 4 2
20 65 4 3
31 57 5 2
34 17 4 2
65 58 3 2
39 10 3 4
49 17 2 1
10 19 5 4
75 34 2 1
75 86 5 2
89 86 4 2
45 75 1 1
89 61 5 5
48 72 1 2
96 54 5 2
19 52 5 2
96 39 2 3
8 46 3 3
37 67 4 1
55 87 5 3
88 40 1 2
6 3 2 5
36 39 1 2
51 33 3 4
37 56 2 1
33 57 2 2
67 21 1 3
39 43 2 3
79 42 4 4
68 71 2 2
31 96 2 5
3 8 4 1
2 4 3 4
58 2 3 1
31 18 2 3
75 17 2 5
55 66 3 5
94 7 1 2
54 19 5 5
83 46 4 4
56 66 5 5
81 78 1 3
89 12 3 3
98 35 5 4
60 51 1 4
32 77 2 5
63 3 2 3
41 24 5 4
24 37 1 2
13 93 5 1
11 49 1 1
60 5 1 3
80 33 4 2
8 33 5 4
58 85 4 5
6 90 3 5
61 73 5 2
93 88 2 4
53 54 3 4
21 15 1 2
34 23 2 3
71 90 1 2
5 72 3 4
67 100 4 2
38 18 4 2
27 6 4 3
100 43 5 3
18 80 3 2
15 90 5 2
98 81 3 2
80 4 1 1
71 12 2 4
71 21 3 5
76 82 3 4
85 92 2 2
46 69 4 2
27 90 1 4
20 52 5 1
69 50 5 1
25 48 1 3
73 83 3 2
66 64 4 2
99 60 3 1
20 43 2 1
30 19 4 2
36 85 3 4
33 42 2 2
50 76 5 5
12 93 1 1
60 42 3 2
95 21 5 1
81 54 2 1
17 11 1 4
66 36 4 1
65 51 1 4
95 12 3 4
43 41 2 2
9 98 5 3
82 85 1 2
82 83 5 5
78 44 2 2
34 74 3 5
97 35 1 1
69 20 4 5
17 84 4 1
17 53 4 1
9 79 3 5
64 81 5 1
87 83 1 2
85 90 1 2
68 7 1 2
54 63 3 4
90 43 5 1
83 55 4 2
42 22 1 2
46 20 3 2
88 77 5 2
67 39 4 1
100 66 2 4
92 25 1 2
94 39 5 1
10 38 3 1
85 39 3 3
30 76 1 2
99 80 1 2
96 85 5 2
87 42 5 3
21 84 5 4
54 40 3 3
43 31 1 5
17 6 5 4
95 26 1 5
19 20 1 4
47 11 5 1
21 32 4 5
90 39 3 1
76 83 5 3
52 92 2 2
76 66 1 5
59 15 3 5
48 86 3 1
55 81 1 2
6 11 5 1
41 65 3 1
18 21 3 1
91 72 5 3
89 10 1 4
77 19 3 2
39 26 3 2
89 75 2 2
70 14 5 1
21 1 1 5
47 21 1 4
36 3 1 1
73 97 1 4
4 86 4 5
7 59 1 4
91 73 5 4
70 6 2 2
76 30 1 3
28 49 2 2
7 90 4 3
66 63 1 5
47 9 3 2
63 14 5 3
19 51 4 2
46 52 2 2
63 18 1 5
70 99 3 2
62 24 4 4
87 68 5 5
40 15 3 4
44 39 4 1
75 7 89202 89258
15 26 3 5
41 39 3 4
48 45 5 5
58 34 2 5
16 66 5 5
26 9 4 3
94 46 5 1
64 17 3 1
55 13 4 3
61 7 1 4
87 18 5 5
34 11 2 2
71 100 5 4
12 76 3 2
17 88 1 2
67 31 3 3
39 33 2 3
68 49 1 4
47 49 5 1
56 47 3 2
31 26 1 5
99 63 5 5
28 53 2 4
22 59 3 5
60 40 2 1
56 8 1 2
11 93 1 1
98 11 4 1
4 88 4 4
9 83 2 1
91 14 5 3
92 2 5 1
18 100 3 3
25 81 4 4
67 91 5 4
78 11 1 2
31 83 5 1
1 99 2 1
99 70 3 5
30 20 3 2
89 92 4 3
83 51 4 5
98 92 2 2
35 66 5 2
32 6 2 5
49 57 4 4
80 68 1 3
80 79 2 2
49 10 5 1
12 100 2 1
87 62 5 1
33 41 3 2
38 57 2 4
63 8 4 1
12 10 4 3
12 25 5 1
76 92 1 4
84 37 1 2
33 53 4 2
58 69 4 3
82 2 3 3
46 90 2 1
81 73 3 5
90 29 3 5
54 50 5 2
36 88 5 1
82 90 1 1
64 83 2 5
39 87 1 1
28 92 3 3
68 61 3 5
53 77 2 5
91 96 3 5
33 41 2 5
78 34 2 2
73 38 3 5
13 33 4 4
85 56 4 5
53 98 5 2
94 17 3 3
40 45 3 2
86 46 5 5
58 50 3 5
92 32 2 4
25 37 2 5
22 90 5 4
91 52 3 3
60 83 4 2
70 94 5 5
30 61 3 3
34 53 2 2
98 16 3 3
42 49 1 1
88 76 2 4
66 82 2 4
95 59 88141 83381
96 42 2 3
91 99 4 2
84 25 3 1
4 18 2 4
56 73 3 4
79 37 84896 88234
41 42 2 2
14 79 1 1
95 10 4 3
10 94 5 4
35 51 4 2
1 95 1 3
41 83 1 2
8 43 2 3
39 48 1 4
71 88 5 5
1 96 4 2
57 52 2 3
93 41 2 5
17 33 4 2
57 51 3 5
28 77 4 3
45 8 5 2
15 2 4 4
37 84 3 1
93 3 2 1
49 3 1 2
13 64 4 1
83 45 1 3
26 40 3 2
21 58 89082 88293
32 20 2 1
29 67 4 2
73 52 4 2
21 18 3 1
33 16 2 2
33 62 5 2
82 6 5 3
79 20 2 4
90 15 3 1
62 7 4 1
16 31 5 1
2 99 5 1
21 36 2 1
43 64 3 5
44 82 3 2
69 59 1 3
54 25 2 3
8 40 3 3
100 25 4 5
55 66 2 5
24 9 2 3
57 81 2 1
59 8 3 2
84 64 5 3
54 50 2 3
75 33 2 2
43 59 5 4
68 49 2 2
43 18 2 3
64 72 2 5
60 24 3 3
98 83 2 2
68 62 3 5
86 91 1 3
20 16 2 1
6 86 4 1
79 59 1 1
66 38 4 4
30 11 5 3
68 39 4 5
4 65 5 2
66 85 4 5
41 97 3 4
96 16 5 5
77 95 5 2
79 31 3 1
25 5 2 1
11 50 2 5
26 63 3 5
45 21 1 5
38 2 4 3
33 95 3 1
2 26 1 5
38 49 1 5
61 96 4 2
23 91 3 3
21 52 2 3
69 22 3 1
18 94 5 2
61 85 5 2
82 90 5 1
85 96 1 1
72 64 5 1
53 6 4 1
27 42 2 4
48 3 2 4
33 20 3 3
65 44 3 5
19 34 5 4
68 33 5 2
69 64 2 5
13 9 2 2
85 18 1 2
40 12 1 3
84 40 4 3
53 37 5 2
100 10 5 5
91 56 3 2
37 7 5 2
3 13 2 4
92 44 4 3
54 3 5 3
27 82 2 1
36 75 3 1
26 46 4 3
87 2 2 2
56 43 5 3
41 71 1 4
11 89 5 3
96 7 1 3
34 73 2 4
95 45 3 3
79 28 4 4
87 9 5 1
26 64 1 3
9 49 87960 88461
61 72 5 1
90 75 3 3
18 66 3 5
51 44 3 2
71 15 5 1
93 78 2 2
28 75 1 4
86 23 3 2
91 26 1 1
96 9 1 1
37 9 1 5
76 8 5 2
97 61 4 5
5 53 3 2
71 40 3 4
1 54 2 1
66 67 2 1
57 39 2 3
94 79 4 2
77 45 5 2
15 18 1 4
91 77 2 3
5 44 4 4
12 47 3 4
3 16 3 3
15 85 1 1
87 88 1 1
58 71 4 3
7 53 4 4
90 53 1 3
89 26 5 4
81 15 2 2
91 53 2 1
81 76 4 3
11 45 5 2
48 6 2 3
55 88 5 4
50 82 2 4
49 57 3 2
14 56 4 4
37 66 2 5
3 59 1 5
91 82 1 2
74 6 5 5
98 23 4 4
98 1 3 4
83 70 1 1
11 74 4 2
57 40 5 1
32 64 4 4
83 85 1 1
64 25 5 4
86 72 3 3
35 45 2 5
4 10 3 3
91 100 3 5
5 26 2 4
15 22 2 5
25 7 5 4
15 97 1 5
26 46 3 5
71 66 3 5
21 57 5 2
90 53 5 4
52 78 4 5
29 56 4 4
71 31 2 4
66 81 3 4
10 79 4 1
44 86 1 3
39 20 5 3
37 26 4 2
11 76 4 3
56 78 3 3
81 80 2 5
37 62 4 1
51 82 4 2
95 96 1 2
25 86 1 1
61 22 1 2
14 46 3 1
91 41 2 1
64 28 2 3
30 69 1 5
97 48 4 5
61 58 4 2
64 6 5 1
51 18 5 4
81 84 4 2
9 18 3 2
89 87 5 5
7 37 2 1
1 83 2 1
43 7 4 2
73 94 4 5
57 67 3 4
3 62 5 3
10 35 2 5
66 76 4 4
49 1 5 3
90 62 2 1
10 73 1 4
63 84 5 2
31 55 1 4
5 29 3 2
74 47 4 3
97 31 3 3
90 98 4 2
30 44 3 1
53 2 1 5
7 27 4 1
65 77 3 3
45 55 3 5
28 56 1 4
76 14 2 3
83 55 2 5
10 42 4 1
36 1 5 4
95 44 1 3
62 49 4 2
53 61 2 1
59 45 2 5
37 42 1 2
24 82 4 4
4 34 1 1
3 21 5 3
76 91 2 4
86 87 4 5
48 69 1 3
72 98 2 2
29 23 3 3
22 59 2 4
20 9 4 2
35 43 2 4
74 82 4 2
94 97 2 4
34 47 1 3
78 85 4 4
23 9 5 5
29 52 1 1
87 45 2 4
9 79 1 5
54 22 5 4
14 80 2 4
54 27 5 5
53 67 2 1
95 29 5 5
29 90 5 4
20 11 3 5
56 36 5 3
17 77 1 1
84 72 2 2
3 45 3 5
63 84 4 2
40 93 5 1
86 61 4 3
75 93 1 4
93 97 5 1
26 86 4 2
53 25 5 4
40 88 4 1
54 55 5 4
95 12 4 4
84 87 2 1
68 5 4 4
56 23 4 2
13 74 3 4
6 44 3 3
60 15 1 3
97 45 3 5
68 83 2 1
87 34 3 3
49 98 4 1
92 25 3 4
50 62 3 2
40 66 1 1
62 86 2 3
85 2 5 4
62 64 1 4
33 61 3 2
32 94 5 2
48 40 5 5
34 81 3 5
2 95 2 3
89 39 2 5
56 27 3 3
11 22 4 1
54 88 2 3
22 53 3 3
50 68 4 3
59 38 4 3
66 64 4 1
79 88 1 4
73 74 3 2
12 86 2 2
69 72 5 4
56 17 2 3
97 45 5 5
67 24 1 1
94 65 2 2
35 46 5 2
99 67 3 5
68 41 3 4
44 38 1 4
77 86 4 5
29 44 4 3
67 61 1 4
39 78 1 1
32 81 1 5
6 50 4 1
62 47 2 1
53 40 1 4
40 79 4 2
99 53 2 3
74 60 3 3
54 35 5 2
92 22 4 1
89 41 2 1
64 21 5 1
68 59 3 2
45 43 5 2
5 65 2 3
89 99 1 1
7 99 2 3
6 68 2 3
95 57 2 3
10 24 3 1
97 8 4 5
26 89 5 3
62 92 4 3
40 41 4 1
12 31 1 1
12 33 5 4
82 98 4 5
89 44 1 5
1 94 3 4
24 69 4 4
96 3 4 4
18 71 1 4
28 32 3 2
80 63 3 5
80 11 2 1
7 48 3 3
91 54 5 5
32 51 2 4
2 34 1 2
37 40 4 1
43 22 2 1
90 62 5 4
99 93 3 1
46 8 5 5
95 79 5 3
72 88 4 3
60 78 5 4
6 13 5 1
56 61 4 1
37 66 1 5
1 79 4 1
64 65 1 1
25 46 3 1
35 3 4 3
27 50 4 1
71 99 5 4
74 100 4 5
62 67 1 1
60 4 2 1
77 5 4 1
52 70 1 5
32 2 5 2
1 23 1 1
5 31 2 2
72 100 1 3
81 44 5 4
60 94 5 5
3 100 1 5
46 38 1 5
51 93 3 2
40 6 1 3
12 76 4 1
58 3 5 5
67 81 4 2
71 64 4 5
1 93 1 1
66 34 2 4
1 3 89748 87463
46 26 3 5
51 34 5 4
34 60 3 2
100 19 3 2
98 3 5 2
59 51 1 3
85 20 3 4
72 62 4 3
29 34 2 4
38 31 2 5
64 11 4 4
7 75 3 4
51 59 2 4
86 52 2 5
56 17 4 1
33 48 3 3
98 1 3 4
46 33 4 4
98 15 4 3
22 42 3 4
61 65 4 2
25 4 2 4
69 50 1 4
11 42 3 3
61 71 4 1
65 26 5 2
7 39 4 2
40 3 1 2
40 89 5 2
28 66 2 2
74 43 4 1
30 39 1 2
8 22 2 5
86 39 4 5
83 72 3 3
88 65 1 1
71 91 2 3
19 12 1 5
76 38 3 3
88 28 4 1
78 51 1 5
78 46 2 4
21 56 4 1
14 38 5 1
59 57 1 2
87 65 3 1
48 28 5 5
81 93 5 2
63 30 1 5
15 38 2 2
82 70 5 5
98 67 1 5
53 44 1 3
72 56 3 2
60 2 3 1
33 32 4 1
77 44 4 4
23 92 4 4
39 3 2 2
79 80 4 4
85 14 3 4
60 77 3 5
100 6 2 5
41 64 5 5
74 25 3 3
71 24 5 5
81 89 5 2
52 35 3 1
5 26 5 1
2 76 5 5
70 42 1 4
14 22 1 1
54 29 3 1
65 22 2 5
48 87 2 5
53 4 3 3
81 99 1 1
47 61 3 5
77 90 1 5
79 25 4 3
2 32 5 1
52 90 4 3
20 65 4 1
79 39 4 5
47 50 4 2
44 96 3 5
43 11 3 4
74 8 5 1
76 24 3 2
47 97 3 4
100 77 4 5
15 72 2 4
47 98 4 1
78 89 4 4
36 46 4 1
16 14 3 2
40 88 1 4
63 27 3 1
40 44 3 3
85 26 4 5
48 95 3 3
57 90 4 2
72 81 3 2
12 57 2 4
91 28 4 4
64 7 2 1
65 1 3 4
90 8 2 5
79 44 1 4
95 87 2 1
70 100 5 1
73 12 2 1
88 14 4 2
17 38 4 3
26 25 3 1
15 80 2 5
33 89 4 5
91 69 4 1
87 48 2 5
69 17 2 2
2 48 4 2
56 37 4 5
9 15 5 4
63 1 3 5
37 6 3 4
62 79 4 5
91 84 4 2
72 97 5 2
22 98 5 1
25 47 4 1
17 99 2 2
15 38 3 5
43 98 1 1
7 88 4 4
97 16 1 2
95 3 1 3
10 4 1 5
90 97 4 5
77 1 2 2
9 39 1 4
83 85 1 3
56 26 3 5
98 57 5 3
6 67 2 2
44 16 2 4
53 31 4 5
22 8 3 5
3 83 3 3
11 95 5 3
27 62 2 1
79 14 2 2
81 52 5 3
66 93 1 4
8 53 3 3
68 12 5 2
12 36 3 3
48 21 5 4
14 52 5 1
45 89 2 2
42 9 4 3
21 53 3 4
14 35 3 1
77 88 2 1
62 15 1 3
69 76 2 3
93 46 4 5
82 31 4 4
51 34 2 1
64 33 4 1
3 12 3 1
75 67 4 4
30 88 4 1
87 9 2 5
86 69 5 4
96 20 5 4
92 71 4 3
96 47 3 2
49 18 1 2
78 40 2 5
37 3 5 2
39 88 1 3
50 42 3 3
98 21 2 4
74 71 5 5
41 11 1 1
70 94 5 4
97 40 5 3
75 4 3 5
60 76 2 2
5 26 4 2
14 59 4 4
38 26 3 5
20 61 3 2
14 78 4 1
3 21 4 2
26 60 3 1
16 11 5 3
57 69 3 3
34 69 2 5
4 34 1 1
18 17 5 5
23 81 3 3
54 87 4 3
87 90 4 1
19 98 88995 90000
18 38 1 2
83 77 2 5
3 83 5 2
59 10 1 5
58 63 3 3
88 44 5 5
11 87 2 1
96 56 5 3
34 70 3 3
84 94 5 3
6 77 4 4
85 65 1 1
55 34 5 1
52 3 5 2
67 90 4 5
35 2 4 3
5 70 3 1
83 59 4 3
3 43 5 4
53 7 5 4
10 64 4 1
73 61 3 4
92 14 5 5
42 43 2 5
92 63 4 2
62 58 4 2
41 33 3 3
55 18 3 2
99 98 3 1
5 99 2 1
83 32 1 5
96 43 2 1
32 55 1 1
77 68 1 3
94 23 2 4
61 38 1 1
46 84 1 4
29 98 5 2
35 23 2 1
9 65 3 4
76 94 2 4
4 77 5 4
25 75 5 5
14 65 3 5
12 90 5 5
77 66 4 5
28 21 5 3
77 71 3 1
68 60 2 2
5 1 5 3
4 82 3 4
7 73 1 3
86 49 4 5
23 96 1 2
73 82 1 2
59 29 4 1
98 8 5 1
45 91 4 1
39 76 5 4
95 1 4 1
44 22 1 4
66 26 5 4
16 51 4 5
84 59 2 2
27 61 2 3
90 83 5 2
64 66 3 4
70 19 3 2
33 78 2 2
26 62 5 5
21 57 1 4
14 91 2 3
69 20 3 3
3 12 2 1
34 28 5 3
36 65 2 3
16 21 3 5
18 88 3 3
11 68 4 3
93 77 3 3
17 39 5 4
69 18 4 5
26 37 4 1
88 42 3 3
79 73 4 1
70 13 3 5
35 5 3 1
8 82 5 4
39 86 3 3
25 11 5 5
64 14 2 2
20 42 1 1
91 39 1 5
36 38 4 2
89 83 4 1
44 55 4 2
80 45 2 4
29 55 3 1
89 25 3 3
56 16 3 5
38 86 1 1
73 93 4 1
57 22 5 3
53 86 4 1
6 56 2 5
24 41 3 1
13 86 1 2
45 69 5 5
94 34 3 4
100 88 1 1
53 94 4 4
28 61 3 4
17 43 2 1
51 90 3 1
98 96 4 4
93 62 1 4
5 64 1 2
18 93 4 2
2 67 2 5
31 95 5 3
61 95 3 3
30 65 4 1
18 85 4 5
98 78 3 2
76 92 5 1
88 54 4 2
73 100 4 5
40 65 1 1
48 71 1 2
16 3 2 2
32 16 2 3
99 34 1 1
79 41 5 3
50 17 5 3
48 6 2 2
22 73 3 3
21 10 3 4
83 59 1 1
23 25 4 1
57 33 5 2
7 6 5 1
89 26 2 1
61 94 4 2
70 57 3 1
64 15 1 5
75 49 2 4
62 58 5 1
42 56 3 2
69 10 3 1
47 3 1 2
41 100 3 3
73 3 4 2
99 22 3 5
77 11 1 2
13 52 4 5
82 41 4 3
37 61 4 2
67 93 3 4
68 62 5 5
96 48 1 4
3 97 3 1
20 98 4 3
63 50 2 5
57 16 1 4
48 72 2 5
87 83 3 5
74 96 1 4
51 80 1 4
3 5 4 1
99 76 1 1
98 10 5 2
54 13 3 4
80 11 5 3
92 44 3 3
54 36 5 1
63 49 3 2
72 93 2 5
18 54 3 1
64 76 5 1
16 86 3 2
39 58 5 1
56 3 2 3
4 91 5 4
13 23 1 1
100 31 4 3
5 11 2 1
90 26 2 5
11 65 2 5
50 13 2 3
4 53 4 3
27 25 1 5
56 72 4 5
37 27 5 5
88 43 2 1
61 4 3 3
49 10 4 1
69 83 4 4
100 1 1 5
18 84 2 4
100 84 4 1
30 50 4 4
80 44 2 2
11 38 4 2
58 4 3 5
89 93 3 4
14 94 4 1
35 91 3 2
79 49 5 3
40 30 3 3
24 86 1 3
89 53 3 5
73 71 3 5
57 6 4 3
2 85 5 2
42 76 2 4
56 19 5 5
23 49 2 1
13 12 2 2
51 74 1 2
51 61 2 1
37 35 2 1
46 88 5 4
83 12 3 2
77 61 1 5
12 80 1 4
39 49 2 2
9 57 3 1
29 96 2 5
87 25 5 1
3 12 3 3
3 37 4 2
16 69 3 1
61 66 1 4
98 23 5 2
5 80 4 5
47 17 2 4
67 70 2 4
79 47 4 3
26 46 1 2
75 68 1 4
62 56 1 3
27 84 1 4
22 30 1 5
83 4 5 4
92 47 5 1
33 69 5 3
84 48 3 4
80 2 1 5
52 70 2 4
85 9 4 1
39 12 3 3
55 58 1 2
56 30 4 5
78 77 4 5
24 67 5 5
96 58 5 3
60 37 4 1
70 6 2 2
62 10 1 4
44 60 3 5
12 80 3 2
57 3 3 3
14 82 3 3
26 5 3 1
5 93 1 2
65 89 2 4
43 26 4 5
24 82 5 5
100 2 5 3
22 57 5 1
8 68 1 4
15 29 4 1
49 1 2 4
76 32 5 3
44 2 4 5
13 77 5 5
53 57 4 5
73 76 5 2
46 60 1 3
69 31 1 1
20 84 2 4
46 48 2 3
10 86 3 4
59 88 4 5
51 8 1 4
2 3 3 2
89 30 2 3
84 74 5 2
79 71 2 5
42 61 1 5
14 76 1 2
50 91 5 3
95 65 1 2
56 20 82776 88144
17 39 3 4
87 27 1 1
4 37 5 2
99 77 3 5
22 61 1 4
26 84 5 4
37 50 5 4
56 67 1 5
10 51 4 1
11 95 3 2
32 51 4 4
97 76 3 3
52 51 2 5
28 21 1 4
61 15 1 5
23 90 4 2
94 17 5 2
24 16 2 2
18 52 5 3
5 99 5 1
1 32 4 4
35 37 4 3
62 64 2 4
24 46 2 1
63 100 3 4
76 88 3 1
79 13 5 2
20 79 1 2
79 78 2 4
4 16 4 1
5 52 3 5
43 95 1 3
89 20 4 3
36 40 3 1
4 53 2 4
47 45 4 2
66 67 5 2
21 83 3 2
92 42 3 2
7 52 3 1
17 65 2 2
7 58 3 1
37 77 5 5
16 95 5 1
57 55 1 5
45 40 1 1
5 35 3 4
75 37 3 4
14 21 2 1
7 25 5 3
16 61 2 2
56 85 4 2
100 76 3 2
65 38 1 1
28 99 3 4
92 40 1 3
46 47 5 2
50 24 1 2
25 66 1 4
65 56 1 1
75 26 3 5
21 29 1 3
42 31 4 4
84 53 1 5
85 31 3 2
23 28 5 3
8 90 89563 89746
84 34 4 1
94 36 3 4
85 35 1 4
24 99 5 5
31 10 2 2
46 10 5 2
73 65 1 3
98 60 1 3
44 9 4 5
99 53 5 1
43 30 1 4
62 77 1 4
6 85 2 2
7 48 2 2
8 3 3 4
15 21 5 4
46 75 5 1
80 41 2 5
67 60 4 5
84 38 1 4
89 59 5 5
90 36 5 1
36 70 2 5
14 91 3 4
75 76 5 4
14 93 3 1
35 17 2 2
6 97 2 5
73 77 5 5
76 6 1 1
50 10 1 1
36 31 4 4
73 66 1 1
40 31 4 1
85 75 1 4
64 98 4 1
85 25 2 5
39 92 5 5
60 94 1 4
24 12 3 5
50 35 2 5
76 13 2 2
49 77 1 2
77 50 3 1
67 56 3 2
15 51 4 4
64 13 3 1
40 59 5 4
50 37 1 5
99 71 4 1
17 80 4 4
100 7 3 3
84 90 1 3
3 98 2 2
76 70 3 3
5 11 5 2
41 22 4 3
10 85 4 3
22 91 4 5
39 64 2 1
84 56 2 1
10 38 1 5
100 52 89346 83697
99 80 1 4
52 65 5 3
22 57 1 2
98 40 1 1
33 53 4 3
38 2 2 5
44 60 4 4
28 41 5 1
32 67 3 3
67 88 4 2
78 91 4 3
97 29 4 4
57 6 4 3
94 76 5 1
8 73 2 3
89 27 1 4
81 86 4 5
26 34 2 5
84 74 4 5
76 88 1 2
80 90 3 1
5 7 5 5
86 88 4 3
25 89 2 4
47 21 1 3
25 13 5 4
40 28 4 1
2 36 4 5
86 97 1 5
41 70 89619 86766
16 27 5 3
41 53 1 1
21 81 4 3
15 88 2 5
93 36 3 2
13 53 1 1
76 17 5 1
30 72 3 1
34 89 1 4
55 29 2 3
38 37 4 4
63 14 3 4
64 81 3 5
69 85 4 4
3 28 5 3
8 43 3 5
42 76 3 2
76 41 5 4
32 46 4 5
35 94 2 2
18 5 3 4
61 98 4 3
89 11 1 5
15 5 2 3
75 81 1 3
14 4 3 1
35 97 3 4
95 9 2 4
82 65 2 1
53 56 5 4
73 37 2 4
47 73 3 3
33 34 1 4
59 24 3 5
49 48 4 2
74 3 3 3
22 90 2 2
34 31 4 1
34 43 3 2
5 58 5 5
6 95 1 3
62 88 3 5
35 64 5 3
78 86 2 5
51 26 1 5
14 83 2 5
9 90 3 1
36 11 3 5
18 15 3 1
34 59 5 1
47 98 1 4
32 80 4 1
85 11 4 4
70 40 3 2
90 99 3 5
77 15 1 3
55 82 1 1
89 46 2 1
53 56 1 5
42 50 2 3
45 9 4 5
1 6 3 3
53 99 5 4
67 90 1 5
96 89 2 5
39 86 2 4
20 9 5 5
21 79 5 5
66 61 2 2
1 79 4 5
4 6 2 3
70 99 1 2
24 57 5 3
97 3 1 2
48 59 5 1
34 55 4 4
2 77 1 1
71 40 3 2
44 34 4 2
1 28 4 3
24 64 4 5
95 70 3 3
54 49 2 5
99 42 4 4
84 2 3 3
39 1 1 1
7 92 1 3
27 91 2 3
82 27 2 4
27 40 1 1
54 28 4 4
77 31 4 2
8 33 2 3
5 38 2 2
63 62 3 2
23 14 1 5
40 66 2 5
33 13 1 3
73 24 2 2
55 54 2 5
30 42 2 2
4 63 2 2
16 64 4 1
100 95 2 3
92 46 2 5
15 48 2 5
41 40 3 2
26 23 3 4
63 42 5 4
38 85 3 5
100 79 3 5
24 17 1 3
31 100 1 3
42 75 4 3
12 5 3 3
96 82 1 4
23 61 5 3
92 47 3 2
91 88 2 2
30 34 1 3
21 24 4 3
33 24 3 2
32 59 5 1
64 53 3 4
71 42 1 2
91 14 2 2
11 82 3 3
52 65 5 5
69 14 1 1
53 59 5 3
72 64 1 2
19 83 5 4
34 4 2 4
71 2 3 1
53 11 5 2
19 85 4 2
82 73 5 1
77 50 1 4
4 33 2 4
51 53 5 3
64 13 1 3
100 76 4 1
84 74 4 4
82 47 2 1
5 85 3 1
46 26 4 2
76 71 4 2
69 7 2 2
92 5 5 4
75 73 2 2
1 98 1 3
44 2 1 1
11 82 1 5
26 56 5 5
77 66 4 1
99 38 5 2
9 85 4 3
49 7 3 5
74 13 3 1
3 65 2 5
31 98 4 2
55 46 3 4
50 7 4 2
45 42 2 4
9 56 1 1
3 92 4 2
33 93 3 1
89 26 4 4
10 88 2 3
18 66 3 2
58 7 2 2
21 14 5 5
66 50 3 2
16 49 4 2
72 78 2 1
16 43 5 4
47 63 4 1
8 78 4 4
84 68 4 3
41 74 5 5
57 12 3 3
90 7 2 2
80 21 5 4
25 96 3 5
57 45 4 3
59 55 5 4
100 34 5 1
48 13 3 3
68 34 2 4
29 3 1 3
74 21 4 4
67 83 2 2
53 60 2 3
1 20 4 3
18 7 4 3
34 98 4 2
93 12 2 1
29 36 2 5
27 26 4 2
89 87 1 5
100 77 1 2
77 17 2 2
33 94 1 1
39 50 1 4
13 14 3 2
98 65 5 2
40 84 1 3
99 12 3 2
27 43 3 1
92 60 4 4
98 63 1 2
98 36 2 1
31 92 1 2
75 72 4 2
9 80 5 2
28 52 4 4
32 54 2 2
59 95 5 5
93 8 4 2
4 14 2 2
44 87 4 5
56 37 1 1
82 55 5 4
80 29 1 5
79 65 1 2
20 19 5 2
86 83 5 1
88 53 3 5
47 76 1 5
89 16 4 2
88 16 1 4
72 29 1 5
70 65 4 1
81 5 5 1
15 97 1 2
18 23 2 1
52 27 4 2
61 98 3 4
8 10 2 4
33 75 2 5
71 34 1 4
3 6 5 2
94 63 1 5
20 62 4 1
4 56 3 4
90 64 4 4
53 51 88265 88259
98 38 2 5
20 35 4 2
54 73 5 3
36 90 2 2
26 17 3 2
89 91 2 1
82 89 4 3
26 81 5 4
6 61 2 1
35 49 1 3
12 58 1 2
91 74 4 2
74 77 3 4
62 75 3 5
37 43 4 1
76 92 3 4
65 42 1 3
68 54 2 1
19 64 5 5
32 20 1 1
86 84 2 1
12 6 3 3
82 22 5 2
32 28 1 3
70 34 5 1
64 58 3 3
5 27 3 3
61 69 3 5
35 69 4 1
54 65 4 4
8 51 5 4
7 62 5 3
15 29 2 5
46 9 5 1
25 83 4 1
14 39 89275 88474
76 86 4 5
84 53 5 3
85 54 4 5
72 35 1 3
42 57 1 3
35 15 3 4
62 44 5 3
98 12 4 2
93 58 5 1
86 1 4 3
48 67 1 4
74 95 4 5
26 72 5 3
62 68 3 1
28 68 5 4
56 19 4 5
68 36 5 1
15 27 1 4
8 60 1 2
54 55 5 1
68 86 5 1
35 2 1 3
9 50 2 4
89 26 2 1
30 18 1 3
87 41 1 5
47 10 3 1
75 54 3 3
63 95 4 2
46 31 4 3
74 90 5 4
76 80 5 3
19 8 5 2
91 2 3 5
42 61 1 1
95 10 1 1
80 68 5 4
21 18 5 1
16 75 5 5
91 14 5 2
49 12 3 3
45 38 5 1
79 23 3 3
98 28 2 1
87 100 4 2
70 62 4 2
50 85 1 2
46 96 2 1
39 1 4 5
90 24 3 1
40 93 5 4
47 5 5 5
65 80 3 3
95 26 5 3
17 84 3 4
66 50 3 2
18 61 3 3
17 4 4 1
15 50 5 4
71 49 3 5
89 68 1 3
79 45 5 2
48 87 5 3
40 87 5 3
46 37 2 3
80 42 3 2
48 69 4 5
77 40 5 1
76 54 1 3
98 94 1 3
78 80 2 1
17 8 4 1
5 67 1 5
79 5 1 2
24 32 4 3
91 95 4 1
57 11 1 2
21 16 5 3
12 32 4 2
62 6 1 4
60 55 3 1
32 9 3 2
54 48 5 3
48 20 2 1
9 100 5 4
60 62 2 4
15 47 5 5
1 98 84338 89845
84 18 2 3
42 44 5 3
64 8 5 1
67 46 5 5
51 62 3 3
46 17 3 2
19 56 1 5
82 53 1 3
89 13 4 5
33 47 3 4
24 98 3 4
4 11 5 4
20 72 4 5
12 17 5 3
54 18 2 4
34 38 4 2
3 54 3 5
77 90 3 4
68 70 1 2
61 27 3 3
50 68 5 2
33 67 5 4
100 95 1 5
67 17 3 4
70 38 5 3
40 47 4 5
70 25 1 4
63 12 3 4
25 66 5 3
43 47 3 5
12 30 2 3
98 81 1 4
72 57 3 5
1 45 1 4
55 80 4 2
96 57 4 3
5 61 5 4
57 13 5 5
88 55 3 1
93 31 5 3
40 28 1 3
54 78 4 1
44 7 1 2
82 78 1 1
76 83 4 5
25 27 1 1
35 5 1 5
44 81 3 4
6 59 2 5
68 6 1 2
81 45 4 3
100 26 3 1
52 34 2 4
75 57 4 1
34 27 2 1
2 84 1 4
1 26 4 3
15 49 3 4
94 40 2 4
81 25 5 4
79 74 5 2
64 62 4 2
21 6 3 4
96 95 5 4
15 37 3 5
70 46 3 4
59 36 4 5
71 39 5 4
88 39 2 5
36 81 4 4
31 82 1 5
99 81 1 4
3 58 4 1
82 89 4 1
84 51 2 4
47 49 5 4
71 54 3 4
97 34 4 2
64 39 4 4
65 3 1 1
44 43 5 2
95 73 3 4
40 88 5 1
77 94 4 1
10 8 5 3
96 39 2 1
39 5 3 2
67 58 3 1
58 67 5 5
88 43 3 1
55 53 5 2
23 17 4 2
74 22 4 2
74 58 4 2
58 94 5 4
50 22 4 3
33 55 3 3
5 40 5 1
38 68 5 2
10 60 2 3
65 26 5 3
20 69 4 5
87 53 4 1
9 33 2 4
30 51 2 4
27 77 1 1
11 79 5 3
2 30 1 2
47 64 5 2
97 22 1 4
13 17 5 2
89 3 3 5
27 84 4 5
46 54 2 3
21 63 2 1
33 34 3 1
70 55 5 1
46 36 2 1
70 7 1 2
9 2 1 1
39 20 89921 88692
79 65 1 2
41 22 5 5
40 38 5 5
73 17 4 4
65 96 5 3
54 84 2 2
56 100 4 2
72 70 3 4
11 1 3 1
52 74 5 4
77 18 2 5
70 26 3 1
3 5 2 2
1 85 2 2
24 20 2 5
25 46 2 2
29 10 1 3
79 8 4 5
52 41 2 5
14 37 4 1
47 22 4 4
40 65 4 5
54 41 2 3
32 5 4 3
95 50 5 2
50 12 2 5
11 34 5 3
64 10 5 2
97 7 5 2
49 13 1 2
41 27 2 5
56 37 1 5
22 50 5 4
96 87 1 2
69 20 2 1
52 21 3 1
78 11 4 5
55 73 1 4
73 5 2 3
15 53 1 3
71 100 5 1
90 84 3 4
66 32 1 2
79 67 3 5
100 45 1 1
99 98 1 3
19 25 3 1
23 37 2 4
77 4 1 1
7 83 5 3
28 30 5 4
19 24 1 2
85 93 4 5
25 79 2 1
88 75 4 1
78 73 2 1
54 33 4 4
3 29 1 2
42 57 3 5
37 14 1 5
42 75 2 1
2 38 2 3
13 92 1 4
33 89 5 5
68 14 3 4
2 82 4 5
16 70 4 3
29 56 5 1
24 61 3 4
43 67 5 1
60 89 5 1
28 8 5 4
44 74 5 2
32 2 1 4
11 45 5 4
53 15 1 5
83 92 3 1
35 2 1 5
66 56 2 1
44 85 3 5
96 39 2 2
79 83 1 5
84 37 1 4
75 97 3 2
100 90 1 5
65 23 4 3
42 94 3 5
59 57 3 4
44 8 5 5
8 44 3 4
34 33 2 1
76 87 3 4
61 99 2 2
65 35 3 5
74 88 4 2
96 5 1 2
3 64 4 2
58 69 4 1
87 1 2 1
72 92 4 4
91 63 2 4
98 20 4 2
83 69 4 2
97 29 2 4
34 85 1 2
40 52 2 5
69 77 1 4
39 23 2 3
10 60 2 5
80 89 4 2
37 77 3 1
2 53 4 1
7 87 1 4
74 8 5 3
56 67 3 2
6 42 2 4
77 93 5 2
86 31 3 3
26 2 2 2
53 51 2 4
51 65 4 2
69 1 3 3
91 31 1 3
1 22 3 3
43 31 3 3
44 31 3 3
82 60 1 2
67 8 3 5
99 71 2 2
85 18 2 2
17 30 1 1
30 31 2 1
91 29 1 1
35 72 1 5
2 82 3 5
46 90 5 2
14 43 5 4
90 33 3 5
4 92 3 4
50 28 5 3
3 82 2 5
61 18 1 2
28 23 3 3
93 97 2 3
49 58 2 1
27 35 3 5
15 33 5 1
21 100 4 1
14 74 3 5
47 4 3 3
35 91 4 2
16 43 5 4
27 65 4 1
30 65 2 2
31 100 3 4
97 31 3 4
31 81 2 1
2 47 4 5
21 93 5 1
68 44 1 2
63 34 2 5
56 5 2 2
75 81 3 4
96 75 2 4
25 92 5 4
75 27 2 1
59 4 1 5
66 30 5 5
2 90 5 1
15 4 4 4
32 67 2 5
77 26 3 2
87 32 1 5
97 93 1 3
3 8 3 3
88 89 3 2
23 39 5 2
14 85 4 4
78 89 3 2
23 4 3 2
81 96 2 2
86 10 4 5
53 20 2 1
15 28 2 3
96 47 4 5
26 74 5 2
80 66 3 5
6 26 2 1
32 15 2 1
3 77 1 5
22 10 2 3
6 97 5 5
17 36 1 1
63 65 5 1
17 42 4 5
58 4 1 2
80 10 4 3
76 26 5 2
65 96 2 4
100 72 5 3
90 86 3 3
26 6 2 5
74 72 2 3
59 7 1 2
84 83 4 1
77 82 4 4
58 35 1 4
30 20 3 1
36 81 2 4
32 15 4 4
14 44 1 2
15 35 2 4
55 87 1 5
93 31 3 3
91 21 4 5
45 27 3 1
74 98 1 1
87 50 1 2
100 97 2 3
1 6 5 3
78 21 1 1
39 25 1 4
2 75 1 5
93 10 4 1
36 43 5 1
90 12 1 3
8 62 1 1
81 38 5 1
21 17 5 1
68 48 4 2
19 80 2 5
86 8 5 5
9 32 4 4
61 100 1 2
70 41 5 3
100 13 2 5
92 66 2 1
20 50 5 3
33 57 3 4
57 43 4 3
45 14 3 1
75 48 5 5
100 96 3 5
23 94 4 1
21 99 3 5
14 77 4 1
35 87 1 4
64 48 3 1
70 68 3 2
8 61 2 5
47 29 2 1
64 19 1 1
87 86 1 5
8 90 5 3
19 88 5 5
52 3 1 2
83 3 4 1
93 7 4 5
72 35 3 4
57 43 5 3
23 87 1 3
13 75 1 2
31 14 5 3
49 96 5 3
16 74 4 4
87 63 2 5
3 20 2 4
90 58 3 3
7 1 2 5
73 8 3 5
32 6 5 5
81 10 4 4
30 90 1 4
90 60 1 1
49 96 2 5
14 86 4 3
9 65 5 5
82 84 5 5
82 12 2 1
48 5 4 3
33 84 4 2
8 4 5 3
96 45 5 3
84 13 2 4
37 8 3 1
14 1 2 1
94 59 1 4
22 10 2 5
49 31 5 2
69 55 4 2
25 98 5 3
78 63 3 4
76 33 1 5
70 4 3 1
32 48 5 2
76 19 4 3
38 41 4 4
42 60 4 5
90 43 4 5
77 18 2 2
95 39 4 1
9 92 2 3
31 29 3 1
90 55 3 5
15 39 2 2
64 6 1 1
75 26 4 2
68 36 1 3
70 31 4 4
97 4 4 5
4 71 1 5
3 99 1 2
64 81 5 3
87 35 5 1
31 60 1 2
83 81 1 1
24 19 90000 89528
33 3 1 1
51 65 1 5
41 15 5 2
99 83 5 1
11 9 4 3
6 79 3 5
14 29 2 2
98 42 2 3
94 3 3 3
96 94 5 5
72 60 3 4
93 18 4 1
64 45 5 5
9 65 1 1
21 50 5 5
21 40 3 3
8 1 1 5
7 97 1 2
2 66 2 4
7 38 89161 86544
71 53 1 4
42 78 3 2
36 91 4 2
72 15 1 2
16 49 3 3
43 70 3 5
39 51 3 3
9 53 1 3
73 75 4 3
87 34 5 2
89 43 5 1
61 92 5 3
12 21 2 2
24 73 4 5
45 14 4 2
33 61 5 3
21 96 3 5
56 51 4 2
61 96 5 3
60 75 3 3
24 56 2 5
95 78 5 3
83 85 1 2
61 57 5 3
23 30 5 1
10 93 5 1
39 49 4 3
94 32 4 1
29 65 5 4
85 28 5 5
41 48 1 4
94 29 5 4
20 64 2 2
50 29 2 3
100 66 3 5
21 48 4 2
56 64 2 3
27 66 1 4
30 96 2 5
25 27 3 5
35 99 1 3
60 75 5 1
32 6 5 5
64 71 4 4
18 26 4 1
35 58 4 5
90 11 3 3
52 92 2 5
44 1 4 5
51 66 4 2
12 91 4 5
12 38 2 3
39 65 4 4
33 90 2 4
46 66 1 5
35 93 5 4
39 33 1 3
56 79 4 1
16 69 3 1
21 2 2 2
23 58 2 3
88 90 1 2
74 69 2 2
34 93 3 3
58 63 85657 89709
73 42 1 3
96 66 5 5
78 53 1 4
51 3 2 5
26 83 1 3
22 87 2 3
24 54 2 4
93 92 3 4
73 50 5 3
17 62 2 4
15 50 3 4
37 39 2 3
51 12 4 3
87 17 2 4
70 67 1 2
53 98 3 5
5 70 5 3
27 80 3 1
78 11 3 5
12 58 3 1
45 1 2 3
30 50 1 5
37 42 1 4
2 22 1 2
25 85 2 3
79 54 4 5
36 5 5 3
87 44 1 3
43 39 3 5
14 35 2 4
8 74 5 5
80 49 4 3
36 70 5 5
55 11 3 5
4 46 3 4
41 50 2 1
14 69 4 5
91 71 86615 89147
22 29 2 4
65 6 3 5
90 54 2 4
48 63 4 5
94 64 1 3
92 33 3 4
52 49 5 5
68 67 2 2
88 68 5 3
28 79 1 2
50 38 1 3
86 80 5 4
13 94 5 2
43 74 3 5
16 90 1 4
82 31 5 5
20 36 2 3
54 46 3 3
37 91 5 4
32 50 5 1
35 51 3 3
18 32 4 1
83 55 5 3
32 96 3 1
73 10 1 5
97 72 4 2
5 74 1 4
76 85 2 3
67 68 3 1
38 73 2 5
6 66 1 4
98 60 2 2
80 50 2 1
73 64 1 3
69 40 2 4
77 87 5 3
98 33 3 3
18 64 5 1
100 27 3 4
76 42 4 2
19 26 1 5
21 44 1 1
26 89 5 1
56 7 5 5
85 63 2 5
10 4 2 2
55 56 3 2
76 26 4 1
15 50 4 3
99 42 2 4
40 10 5 4
7 38 3 3
73 32 4 4
65 79 5 3
88 20 2 3
84 90 3 1
40 16 4 2
23 52 5 4
70 34 3 1
89 81 4 3
66 4 5 4
52 23 5 1
19 80 4 1
63 93 2 5
26 34 3 1
72 57 3 2
20 12 1 3
65 39 1 3
64 20 5 4
25 56 2 3
48 35 5 3
68 39 3 4
11 97 5 5
87 60 4 3
89 55 2 2
10 96 2 1
31 10 3 5
34 91 3 1
22 2 4 1
21 45 2 1
21 64 4 5
36 91 3 5
31 96 3 1
36 99 3 1
23 56 4 3
68 50 4 3
72 2 4 3
37 25 3 4
95 49 5 1
79 37 2 1
48 89 1 1
94 84 1 5
75 88 4 3
75 82 4 2
100 15 5 1
33 53 4 4
71 12 2 2
82 47 5 5
26 25 4 1
84 46 3 3
84 42 2 3
33 9 5 3
6 100 1 3
39 29 5 2
84 95 4 4
80 15 1 2
85 64 3 1
62 97 3 4
63 89 5 1
100 32 3 3
26 91 2 5
9 71 2 2
13 80 1 2
48 36 1 2
5 81 4 1
56 65 5 2
82 7 5 2
91 13 5 3
79 58 1 3
30 8 5 4
18 6 1 4
62 51 4 4
23 83 1 1
91 80 4 3
98 63 3 3
34 76 2 1
28 90 3 3
34 11 4 5
6 22 4 2
34 54 1 3
76 19 5 4
39 92 3 1
57 4 5 5
100 23 4 4
81 36 3 4
47 12 2 1
22 32 2 2
35 1 5 3
11 44 4 4
57 100 2 4
21 15 3 4
6 23 3 2
15 12 2 3
12 62 5 1
2 94 1 3
18 71 4 5
46 9 3 4
86 58 1 5
54 42 4 5
22 18 3 5
90 100 3 5
34 4 2 3
75 63 4 4
8 28 1 1
55 71 1 5
24 74 5 1
85 4 2 3
63 55 4 2
28 34 1 1
24 51 4 2
19 96 5 5
71 20 4 1
11 73 3 1
100 74 3 3
71 46 5 5
42 26 3 4
89 76 5 4
63 27 4 4
87 45 2 5
27 64 1 2
95 79 3 1
28 66 1 3
24 17 5 1
54 12 2 2
48 69 3 5
18 35 2 1
9 53 5 4
58 22 3 1
54 48 5 3
6 41 2 5
38 98 2 3
99 1 3 1
42 81 1 4
95 33 1 3
33 64 5 2
81 38 3 3
66 11 2 5
82 48 4 5
92 42 3 5
60 6 5 1
79 20 3 5
83 38 4 2
36 45 1 1
19 50 5 4
38 74 2 5
78 35 2 4
9 33 3 1
86 95 1 5
73 63 2 1
75 27 4 4
12 89 3 5
90 34 1 2
77 59 4 2
69 48 1 1
92 52 5 3
80 97 4 4
34 59 2 4
43 1 1 3
4 16 1 5
26 85 5 3
63 4 5 4
4 1 1 2
88 21 1 4
32 48 82610 89712
3 84 89928 87531
83 20 5 1
27 1 2 5
51 15 3 5
79 44 2 5
73 30 5 5
42 50 1 5
68 92 3 1
73 78 3 3
5 13 1 4
12 2 4 5
28 57 4 3
59 21 5 4
28 29 2 1
46 62 3 3
7 97 2 2
59 91 2 2
60 76 4 1
72 85 1 1
58 21 1 2
6 47 5 4
23 50 5 4
4 56 1 3
12 61 4 5
8 66 4 5
18 35 4 2
54 52 3 3
69 56 4 4
15 96 4 3
19 8 4 1
16 57 5 2
25 10 1 4
20 99 2 1
63 89 2 4
83 68 3 2
21 19 5 2
84 11 3 3
90 47 3 5
52 63 1 4
49 9 3 5
33 36 4 1
24 72 5 3
75 52 2 2
62 35 1 5
93 68 2 4
96 31 5 1
49 53 5 1
82 26 3 5
48 99 4 5
14 63 1 4
45 20 3 4
86 50 2 2
30 91 5 2
60 54 5 2
72 61 5 3
14 65 3 1
71 56 4 2
80 3 4 4
78 20 3 3
81 99 5 4
25 18 2 1
57 55 3 3
34 45 1 4
89 66 1 4
75 85 4 2
84 67 2 3
79 44 4 3
89 37 1 4
86 7 2 5
27 58 1 5
29 92 4 1
39 32 5 3
73 94 5 3
63 100 1 5
27 10 2 1
77 37 4 1
34 48 4 4
38 65 1 3
65 82 3 1
66 24 3 3
24 13 1 5
4 63 2 1
83 16 1 5
45 86 3 3
36 97 1 5
87 81 3 5
93 40 1 3
88 81 2 3
94 98 4 2
61 88 5 5
25 44 4 2
79 99 1 1
61 78 2 1
65 40 5 5
1 20 2 1
84 75 4 4
51 69 4 4
10 63 2 4
5 12 5 3
42 99 1 4
59 2 5 1
4 29 5 1
9 50 5 1
91 44 2 4
36 98 4 3
2 66 1 2
75 63 4 3
47 51 1 4
40 23 5 4
38 7 2 4
44 50 5 1
44 40 5 4
43 95 4 4
100 23 1 2
39 87 5 4
50 53 1 5
68 50 2 1
42 27 2 1
41 39 3 3
99 45 2 4
87 28 5 3
59 41 2 4
31 52 4 5
88 46 1 4
72 22 3 2
35 75 2 1
24 58 2 3
92 75 1 5
80 61 89356 87630
7 21 5 1
60 20 1 5
59 54 5 2
11 16 1 5
7 11 2 2
2 25 2 4
81 45 4 2
33 100 4 5
58 3 2 3
100 23 88953 87351
35 62 2 1
49 38 2 1
16 8 2 2
41 52 2 4
28 42 5 4
99 72 3 2
61 17 5 2
81 82 86986 86686
61 82 1 1
89 77 3 4
30 13 4 4
25 27 3 4
20 53 1 5
10 72 3 5
9 4 3 4
96 17 4 5
93 22 4 4
75 73 2 4
96 79 2 5
15 95 5 3
17 51 3 5
97 36 2 3
75 67 5 2
13 38 1 2
16 30 2 3
84 30 3 1
18 42 3 5
7 24 5 1
46 32 5 4
100 63 2 1
66 86 4 1
74 51 1 1
77 92 1 1
47 74 5 3
4 16 89482 83058
56 68 3 2
68 74 5 5
39 75 1 2
86 85 1 4
81 13 2 2
29 2 4 1
84 72 2 2
35 7 5 5
85 68 2 3
58 4 5 1
68 44 4 5
49 56 2 4
99 21 4 1
21 61 1 1
34 15 5 4
20 62 2 2
66 4 4 5
60 8 3 4
96 22 5 3
35 13 5 2
47 22 3 4
6 94 1 5
50 30 1 2
82 94 3 2
64 48 4 5
68 84 1 5
60 44 1 1
37 92 4 2
96 99 5 4
34 68 5 1
36 12 1 3
15 91 3 4
55 28 5 1
15 4 3 4
65 27 1 2
82 47 3 4
77 42 4 1
91 96 2 2
53 63 3 1
83 65 5 3
50 75 5 1
50 82 4 3
2 88 2 4
63 36 3 3
93 94 5 2
34 79 5 4
82 46 3 3
100 62 1 5
89 5 2 1
5 38 1 1
69 43 4 5
13 60 4 5
13 37 2 5
74 83 3 4
68 28 3 1
50 93 1 2
97 72 4 2
28 19 2 4
87 70 2 4
39 78 4 1
79 87 2 1
96 2 5 4
33 24 1 1
12 1 2 2
92 86 2 1
2 49 3 5
22 92 5 3
5 20 5 4
25 55 1 2
12 5 1 1
79 36 1 4
14 88 4 1
37 95 3 1
89 34 1 5
27 2 3 4
98 6 2 5
22 38 4 3
74 30 4 4
67 33 5 2
5 95 5 3
58 43 1 5
15 60 1 3
83 78 1 4
61 14 1 4
55 88 3 1
13 77 3 1
92 56 1 5
10 82 2 5
76 3 4 1
20 86 3 1
15 52 5 4
16 81 1 5
21 90 1 2
25 81 1 1
32 35 4 5
11 87 3 5
36 64 2 1
73 94 5 4
46 41 5 4
16 27 3 4
59 69 1 4
88 85 2 4
90 95 4 1
80 12 4 5
4 64 3 3
69 66 1 3
17 35 2 4
42 79 3 3
89 39 1 1
68 8 3 4
53 33 5 1
47 60 3 1
12 41 2 1
66 21 2 4
61 20 3 5
99 58 5 5
77 54 3 5
49 81 4 5
84 41 3 5
38 5 3 1
27 32 5 3
61 5 2 5
12 86 3 5
22 65 3 3
31 19 2 5
65 99 3 2
43 56 86949 87526
9 85 5 3
13 94 2 5
53 56 2 5
81 34 2 2
57 6 5 2
63 83 4 3
16 73 2 4
91 96 5 1
8 31 3 5
56 17 1 3
22 47 2 2
51 84 2 4
34 37 3 1
18 16 5 2
69 27 4 3
50 60 1 4
80 84 3 5
50 33 4 4
9 76 3 3
98 27 4 3
75 24 4 2
7 58 3 3
39 16 3 3
76 90 5 5
97 46 1 5
89 41 4 4
26 76 1 2
2 24 5 2
86 35 2 1
12 83 2 5
70 66 4 1
88 94 1 5
46 18 3 5
1 77 5 2
86 96 4 1
88 79 1 3
87 14 1 3
75 16 3 3
54 97 1 1
52 58 2 4
35 41 4 1
29 47 3 1
23 11 3 4
31 71 2 5
31 77 3 2
59 77 3 3
4 19 4 2
71 9 5 2
32 48 3 4
7 44 5 5
97 30 1 1
91 92 5 4
75 2 3 5
18 64 1 1
53 32 4 4
45 100 3 4
42 39 1 5
35 34 3 2
86 65 5 2
54 56 1 1
2 73 2 1
44 4 4 3
27 61 3 5
13 52 2 2
10 15 5 1
2 92 4 5
73 69 1 5
42 32 2 5
25 24 3 4
3 75 2 2
22 84 1 5
3 6 5 2
61 50 5 5
41 53 1 3
61 80 5 2
59 13 4 2
29 43 2 5
93 88 3 5
41 74 4 2
75 8 2 3
13 20 3 2
8 39 4 3
18 20 2 2
87 75 5 5
4 71 1 2
43 87 1 1
64 1 1 3
32 33 2 1
80 3 1 1
87 52 3 5
18 43 1 5
74 43 4 2
37 21 4 2
32 83 2 4
52 65 5 3
32 56 4 2
79 24 1 3
41 69 3 2
90 94 5 4
83 18 4 3
38 50 1 1
95 33 5 4
74 93 4 1
32 28 3 3
42 78 1 5
90 16 3 1
75 51 4 1
10 89 3 5
64 3 5 3
4 91 2 2
13 79 3 1
63 2 5 3
38 80 89060 89343
93 47 4 4
37 32 5 5
63 67 2 5
54 84 3 3
35 56 2 5
9 30 2 4
65 30 5 5
100 24 2 4
7 19 1 5
56 21 4 2
43 61 5 5
6 42 1 4
95 1 5 3
89 83 3 4
32 16 2 5
30 4 3 1
84 33 4 5
21 97 3 5
12 72 2 5
56 38 5 3
81 7 2 1
36 39 1 4
47 28 2 5
24 53 5 3
80 96 3 3
47 33 5 4
95 90 2 2
47 69 1 1
82 40 1 5
30 94 3 1
13 31 2 2
15 87 5 3
62 36 3 5
58 9 2 2
2 4 2 3
3 34 3 3
87 64 1 2
86 37 4 5
27 43 1 4
29 45 5 2
54 94 5 5
26 63 3 4
20 9 5 1
44 10 2 5
4 61 2 4
30 94 1 4
78 11 2 4
39 21 5 3
95 63 3 4
40 87 88707 88095
28 45 1 3
73 37 4 4
41 57 3 5
58 69 3 1
31 2 2 2
29 76 4 4
99 17 2 4
79 32 2 5
27 76 1 5
46 85 5 5
50 14 5 1
96 69 2 2
68 64 5 5
12 45 5 2
49 40 3 2
21 91 1 5
8 7 4 3
99 70 2 3
9 79 5 1
99 7 3 2
39 31 1 3
87 43 5 5
60 92 4 5
53 16 2 4
46 23 5 3
5 85 5 4
4 25 4 3
46 35 4 1
55 4 4 3
43 91 1 4
60 36 2 2
50 29 1 2
6 46 1 4
93 37 3 4
30 92 3 1
95 11 5 3
15 48 4 4
72 8 3 1
71 75 3 4
57 18 5 1
34 33 1 5
98 24 2 3
38 3 4 4
43 95 4 3
82 62 2 4
53 32 1 5
37 56 5 2
56 49 5 1
86 24 4 4
4 30 2 1
52 100 4 1
70 55 2 2
19 39 1 2
71 6 5 2
44 19 3 3
15 54 1 3
87 91 4 3
39 65 2 4
80 74 5 4
75 22 4 1
40 49 1 2
16 11 4 1
72 69 5 5
100 28 1 2
44 12 1 4
65 67 3 3
86 36 5 5
67 14 3 1
76 4 3 4
14 83 2 3
2 26 2 4
49 71 3 1
53 69 2 4
48 5 3 4
77 54 89748 89376
97 61 4 1
88 43 2 3
75 39 5 1
62 53 5 5
97 15 4 2
72 81 1 4
99 83 5 1
1 32 1 3
95 54 3 3
97 60 2 4
51 78 2 4
51 86 3 4
56 95 1 3
20 47 4 5
79 97 3 2
76 45 5 4
36 100 2 1
42 68 1 1
43 14 4 3
45 72 3 1
39 2 5 5
60 22 2 2
37 57 2 1
27 68 5 3
52 7 3 3
66 96 3 3
50 40 5 4
69 1 4 1
57 67 4 2
80 61 4 3
86 70 3 2
79 91 5 4
47 12 5 4
24 54 3 5
6 26 3 2
52 18 4 1
62 66 2 4
88 84 3 5
3 42 3 5
34 88 5 2
1 18 3 3
85 40 5 3
62 87 2 3
65 36 4 5
86 45 5 1
22 63 1 5
90 78 1 1
76 20 1 4
72 48 3 4
27 79 3 1
29 59 5 3
90 2 4 1
31 7 3 4
93 49 1 1
13 17 2 3
39 40 2 3
18 94 3 4
7 62 1 3
89 56 4 1
59 52 1 3
45 79 5 2
8 73 4 4
98 22 1 4
62 27 4 3
78 6 5 3
54 40 1 5
74 88 3 2
14 98 3 3
50 92 5 1
53 30 5 1
17 100 5 2
90 53 2 2
20 41 5 4
85 43 2 1
8 70 3 5
71 73 2 4
2 29 5 2
37 41 5 2
84 68 2 4
55 58 1 5
79 53 1 4
86 90 5 3
29 16 2 5
62 91 5 5
93 83 4 2
22 66 4 1
14 6 4 5
36 61 5 2
13 39 4 4
1 70 3 4
60 75 5 2
36 77 5 5
21 20 2 5
30 24 5 5
55 4 4 3
60 8 5 4
92 64 3 1
78 64 1 4
34 64 2 1
17 71 5 5
66 13 5 1
94 70 5 5
75 39 3 4
29 92 4 4
74 88 2 4
74 25 5 5
54 44 4 3
49 60 1 4
1 37 4 2
76 75 3 3
92 19 2 1
36 12 2 1
94 71 1 5
30 76 4 4
42 84 2 5
48 12 1 1
24 92 3 3
94 17 1 2
4 63 5 3
88 78 4 4
3 5 4 3
24 19 1 4
49 89 2 5
92 43 5 3
17 52 5 1
85 52 4 5
57 42 2 5
24 56 3 3
74 43 1 5
93 69 3 5
85 45 5 4
80 41 4 3
51 88 4 5
74 58 1 1
41 56 2 5
78 38 3 4
1 65 1 5
62 40 1 2
92 83 3 2
28 6 3 1
32 83 1 1
39 95 3 4
84 60 4 4
14 60 2 5
96 64 5 3
32 78 3 4
93 80 4 5
9 16 2 5
90 19 1 2
81 58 2 4
46 57 1 1
70 13 2 4
78 61 3 3
3 1 4 3
7 52 1 4
9 12 1 2
10 95 1 3
65 24 1 2
15 47 2 2
77 66 3 4
13 50 2 1
54 75 3 1
99 56 3 2
24 28 4 4
100 16 1 3
96 95 3 1
37 48 3 2
66 91 3 5
79 95 4 1
30 86 2 2
67 14 4 3
24 11 4 3
23 66 4 2
100 23 1 2
66 38 1 2
62 36 3 3
21 28 5 1
50 43 1 4
10 50 4 3
29 53 3 3
2 36 4 2
11 36 2 2
53 58 5 5
80 24 5 1
82 96 4 2
74 24 89025 88792
26 91 3 4
94 20 5 4
68 16 3 4
17 62 5 2
92 93 5 1
100 87 4 2
47 33 5 2
5 60 3 3
13 90 3 5
6 7 5 1
90 87 5 1
51 31 5 2
13 62 1 3
11 59 4 1
67 41 2 5
26 32 4 1
100 23 3 4
15 2 5 5
24 39 5 2
5 94 3 2
22 78 5 1
48 89 1 2
12 54 5 2
22 4 2 1
80 30 3 4
38 64 2 3
74 73 4 1
17 34 3 3
22 82 4 1
73 70 1 2
4 94 3 5
62 15 2 3
85 44 1 1
36 98 1 4
41 31 3 1
21 80 2 2
14 82 4 3
61 60 2 3
26 95 3 4
3 11 2 3
18 87 2 3
44 93 1 4
85 55 3 3
29 59 5 3
100 99 4 5
48 42 1 3
45 7 3 3
8 80 4 2
21 89 1 1
97 9 3 1
9 48 5 5
66 76 4 4
100 78 3 4
31 86 3 3
36 30 5 1
97 85 2 2
54 71 2 2
63 19 1 2
70 52 4 2
78 41 4 3
68 80 4 3
21 67 2 1
61 34 5 3
92 41 5 1
87 32 5 1
65 59 2 1
31 20 3 3
11 91 4 5
51 100 5 5
80 63 3 3
78 56 1 2
5 78 2 3
64 94 5 1
40 60 1 5
24 29 5 1
77 61 2 2
42 13 5 1
48 53 4 4
69 38 2 1
5 36 1 3
66 93 3 5
62 72 5 4
47 85 2 4
11 79 5 2
99 28 5 5
82 84 2 4
45 9 4 2
21 59 1 4
50 14 5 1
88 80 5 4
56 48 3 1
45 9 3 5
6 34 5 1
75 45 3 1
44 48 5 4
67 52 4 5
89 52 4 1
97 83 1 3
86 49 1 3
35 31 3 5
43 60 5 4
53 4 4 4
32 95 4 5
24 13 3 4
56 47 5 3
64 72 4 1
83 41 1 5
88 42 2 4
78 81 1 5
31 86 4 5
30 52 3 2
43 36 4 4
52 66 5 1
81 70 5 1
7 86 5 5
2 40 2 5
36 90 1 2
37 33 4 5
62 42 1 3
41 55 1 5
27 7 4 3
75 27 2 1
46 86 1 5
1 28 4 3
62 98 2 5
63 55 1 3
43 98 1 2
22 88 1 2
45 41 4 5
30 36 2 5
44 18 1 3
52 67 1 2
38 6 2 3
8 11 2 4
32 11 4 5
39 22 1 1
34 75 89304 89898
12 67 2 4
82 32 1 1
89 92 4 3
32 4 3 3
37 100 4 1
75 65 3 2
96 98 1 4
10 8 5 4
24 60 5 1
22 66 3 4
98 29 5 3
51 54 1 1
2 81 1 3
11 18 1 4
37 68 1 5
84 58 4 5
30 53 2 1
94 54 4 2
85 8 3 4
4 58 3 4
10 31 2 4
77 17 1 3
45 21 4 1
9 6 3 5
92 37 1 5
11 40 3 4
81 6 4 3
30 6 4 2
8 15 2 5
31 41 4 5
6 34 5 3
52 97 2 2
18 16 5 5
48 60 3 2
51 13 5 4
57 3 5 2
68 55 3 5
91 36 5 1
30 52 2 3
35 83 4 5
56 1 5 5
59 26 3 5
34 62 4 1
65 72 1 4
58 68 1 2
41 67 4 3
14 9 4 5
82 49 4 5
7 53 2 2
54 25 5 4
30 93 4 5
86 55 89837 89270
55 7 5 1
14 10 2 1
20 97 1 2
15 42 3 5
14 89 5 2
70 57 4 1
35 15 4 4
47 67 5 4
38 64 2 2
73 87 2 5
18 11 5 2
18 5 4 3
45 36 2 2
29 67 5 3
33 21 2 4
47 97 3 4
88 71 3 3
92 3 2 2
23 67 2 4
24 75 4 4
48 68 3 3
81 73 2 4
80 86 87548 89871
5 3 3 2
93 78 5 2
58 2 2 4
1 74 5 2
99 73 1 4
84 86 87531 85137
53 49 5 4
34 52 4 4
65 80 3 3
34 4 3 1
82 27 3 1
22 58 3 5
71 5 2 4
18 98 3 3
94 15 4 3
84 18 2 1
53 2 2 4
86 8 4 2
9 70 5 1
4 75 1 5
25 37 1 4
59 100 3 3
3 76 3 2
84 31 1 4
49 42 1 2
66 80 4 5
81 10 3 3
65 31 1 5
62 74 3 5
42 48 2 4
44 98 3 2
75 59 2 2
91 75 1 3
74 4 3 5
92 4 2 4
13 82 2 2
19 52 1 5
7 5 3 2
57 25 4 1
72 94 1 5
13 97 4 5
26 58 5 3
2 15 2 4
98 12 2 3
67 47 5 1
46 87 1 5
70 87 5 2
6 20 2 2
12 93 3 5
6 76 5 5
78 74 1 2
26 70 4 2
32 29 1 1
47 83 2 2
39 57 4 1
99 67 4 1
29 50 4 3
55 36 1 1
50 14 3 4
75 7 1 1
63 56 3 3
59 18 2 1
19 37 1 5
57 87 2 2
48 2 3 3
13 60 4 5
37 51 1 2
32 88 2 1
46 30 2 3
11 73 4 2
14 93 5 3
58 35 2 3
33 26 5 3
80 57 4 1
41 99 2 3
56 30 3 5
71 70 3 3
99 66 5 5
45 89 1 4
75 74 3 2
33 80 3 1
42 8 4 3
30 16 5 1
35 28 2 5
68 98 2 5
91 22 3 4
48 100 4 5
34 87 3 2
89 1 2 1
74 37 2 1
32 7 1 1
89 16 5 2
100 46 1 2
22 9 5 1
10 44 3 5
83 1 5 4
13 10 4 5
6 2 5 2
7 89 3 3
5 55 4 3
39 10 5 1
18 10 4 4
31 92 4 1
70 6 3 3
5 92 2 1
20 67 1 4
73 24 2 4
4 59 4 2
85 80 4 4
55 94 2 2
49 18 1 1
45 46 2 5
97 85 1 5
47 100 88071 87694
54 88 2 4
30 52 2 1
99 37 5 2
72 71 5 3
52 69 3 2
12 75 2 5
100 98 5 2
52 22 2 4
88 78 3 3
64 18 2 1
15 53 3 2
2 93 2 1
35 49 3 1
39 85 1 2
76 7 2 3
27 37 3 4
27 86 1 5
6 58 1 3
56 79 5 3
17 13 4 2
34 69 5 1
69 46 4 1
24 34 5 3
70 86 2 3
88 22 5 1
2 30 5 1
7 30 1 3
35 17 2 3
74 9 5 4
52 79 1 2
61 2 3 4
49 13 5 2
55 4 4 4
5 19 5 4
12 54 4 2
83 98 3 1
6 78 5 3
24 67 4 5
51 17 5 1
20 13 3 1
6 100 2 1
13 46 5 5
24 83 3 5
17 74 3 1
52 64 1 5
14 46 5 1
68 41 2 4
57 6 2 3
8 14 5 4
86 50 5 2
64 29 5 4
27 32 4 3
22 35 4 4
60 58 4 1
67 55 4 3
94 81 1 2
98 5 3 5
97 19 3 3
52 63 1 1
28 31 3 3
70 58 2 1
21 3 5 1
14 5 5 4
55 75 3 2
83 29 2 1
45 81 3 5
56 4 2 3
16 33 89075 88773
47 51 2 3
42 5 5 1
78 20 2 1
73 44 2 1
9 62 1 4
50 1 3 2
49 13 5 1
87 80 1 3
85 31 2 5
81 19 1 1
74 80 1 2
10 41 5 4
82 75 5 4
74 59 3 4
31 12 2 4
64 76 5 5
6 21 5 4
50 42 5 2
93 36 2 1
28 59 4 2
45 11 3 5
71 6 2 1
71 6 1 5
65 52 1 1
15 93 3 5
39 13 2 3
22 43 2 4
2 54 5 2
77 45 4 1
89 80 4 1
35 85 2 2
84 28 5 1
99 31 5 4
47 8 2 3
19 16 1 3
44 23 1 5
47 14 2 1
17 87 4 2
71 11 2 3
55 40 2 1
49 5 5 5
12 6 85760 85210
47 95 5 2
58 73 5 2
31 22 2 4
97 72 1 1
55 51 3 4
58 80 2 1
86 2 3 4
59 86 3 3
15 24 5 2
5 89 4 5
29 45 3 1
82 84 5 4
87 60 4 5
59 16 5 1
72 68 3 2
37 26 4 4
88 37 3 3
36 79 3 3
76 60 2 2
37 7 2 4
20 51 3 2
15 20 5 4
100 55 2 4
69 98 4 4
56 7 3 3
39 34 4 4
94 66 2 2
60 52 3 4
60 29 2 3
93 17 1 5
96 37 3 4
22 97 5 1
80 1 4 2
75 11 1 3
52 87 1 4
72 57 5 2
48 88 3 5
44 43 5 1
78 22 2 1
51 99 1 3
32 96 4 5
87 92 1 4
84 100 1 5
87 94 2 5
19 45 1 2
42 24 3 4
26 44 3 3
47 51 1 2
40 14 5 5
14 30 1 4
46 21 3 3
29 80 2 5
35 61 4 3
49 91 4 2
46 48 1 4
96 70 3 1
84 24 2 4
96 37 2 2
52 23 4 4
13 37 88342 87463
45 2 3 1
81 22 1 4
59 38 3 3
99 17 1 4
97 79 1 4
98 86 4 4
74 8 5 1
98 78 2 1
95 47 4 1
97 53 2 2
33 90 1 2
74 64 2 3
21 82 4 2
70 85 3 5
82 19 1 1
32 70 3 3
10 71 3 3
28 46 2 2
10 41 1 1
71 84 1 1
13 68 1 1
2 88 4 5
89 49 4 5
1 86 1 1
43 18 1 1
45 34 5 3
28 63 4 3
35 31 5 2
26 20 3 4
1 98 2 2
64 95 5 3
46 2 5 3
10 2 4 4
82 80 2 5
94 23 3 1
8 60 2 3
51 20 5 3
44 100 5 4
42 56 1 2
24 93 3 5
45 8 3 4
99 14 1 4
85 88 4 5
48 86 2 1
11 41 5 1
54 29 4 5
34 46 2 2
30 2 2 5
78 54 3 5
43 3 3 5
40 64 5 1
7 41 5 5
87 22 4 5
81 38 1 1
11 54 2 3
92 57 4 3
21 66 5 2
97 100 1 3
80 40 4 5
22 25 1 2
27 87 2 3
33 70 2 4
17 40 3 5
36 90 1 1
43 78 5 3
61 11 1 5
34 98 5 3
85 35 4 1
76 83 3 2
48 66 5 4
59 26 2 4
45 69 5 4
94 19 5 5
2 55 3 3
86 23 5 2
74 77 4 4
7 16 2 4
47 63 4 1
35 67 2 2
12 24 2 3
30 52 3 5
70 53 4 4
11 25 3 4
70 99 4 1
96 47 2 2
60 28 3 1
57 59 4 3
50 10 5 2
45 93 2 3
8 59 4 5
93 53 1 2
96 56 2 1
95 57 4 1
16 37 1 4
86 5 3 4
43 96 1 1
60 51 3 3
12 25 5 3
91 65 5 1
16 59 1 3
27 94 3 3
35 58 4 5
37 59 2 4
41 47 2 1
61 67 5 2
96 89 2 3
24 17 4 2
81 21 1 1
70 82 2 4
61 39 2 4
9 47 4 2
46 73 3 4
8 44 4 2
85 26 5 4
27 94 1 2
95 63 4 3
26 90 3 2
99 56 3 5
10 4 3 2
13 7 4 3
84 8 2 2
52 69 1 2
72 7 5 4
37 86 3 4
90 14 3 1
56 20 3 1
21 78 2 5
28 81 1 2
60 57 1 5
44 34 3 5
11 44 4 4
88 44 4 3
72 93 4 1
75 90 4 4
54 9 2 4
3 22 5 1
45 6 4 5
43 41 1 1
53 84 3 1
8 81 2 3
46 15 1 4
91 81 2 1
61 63 5 4
1 4 4 1
15 41 3 3
85 20 3 4
6 13 5 3
78 45 4 4
48 94 3 5
9 90 4 1
2 66 5 4
71 2 1 1
13 29 5 5
32 18 4 3
32 66 5 5
14 67 4 5
24 19 4 1
55 66 4 5
48 29 5 2
46 89 1 5
64 43 87117 88121
40 79 2 4
22 34 1 5
66 52 4 1
48 34 3 5
4 61 5 4
17 50 1 2
58 48 1 3
90 51 1 4
62 27 1 4
58 63 3 1
60 55 4 1
7 71 2 5
26 42 2 5
80 6 5 2
39 38 4 5
64 41 1 1
91 89 3 3
15 65 2 5
73 20 2 4
25 96 5 1
30 97 2 1
8 86 5 1
77 92 1 4
22 37 1 5
44 13 1 3
57 92 5 4
44 28 4 5
38 37 5 1
61 95 5 3
67 68 3 5
5 63 4 1
35 3 4 2
17 85 4 1
88 40 2 4
53 16 4 4
55 1 1 4
97 43 3 2
64 11 2 3
2 47 5 5
51 12 4 2
36 26 4 1
24 93 5 3
93 52 2 3
86 19 4 3
57 58 1 5
28 72 5 5
48 86 2 1
93 3 3 4
37 80 2 1
52 5 2 4
28 97 1 1
27 67 5 4
22 13 2 3
54 30 2 3
90 52 1 3
72 57 1 4
97 26 3 3
75 95 1 4
36 69 2 5
6 65 5 4
30 75 1 5
68 12 1 2
12 29 5 2
33 71 1 5
13 30 4 2
47 33 4 3
38 2 3 2
45 31 3 4
40 31 2 1
67 12 1 5
20 56 4 3
87 34 3 5
61 24 1 5
23 92 4 5
15 49 3 3
55 13 5 2
34 53 5 1
38 2 2 2
75 14 4 5
60 59 4 5
94 62 3 5
96 21 2 4
25 92 2 1
91 3 2 4
17 47 1 5
95 28 3 1
94 99 1 2
34 98 4 3
3 22 2 3
77 1 1 3
3 54 3 5
60 7 3 2
82 10 1 4
46 94 1 5
81 50 4 4
2 39 4 4
74 25 3 3
70 75 4 3
92 41 4 5
85 32 3 4
45 96 3 5
63 65 5 3
32 25 2 4
16 10 2 3
43 25 5 4
89 74 1 3
43 100 1 5
32 28 5 1
65 51 81609 89476
18 26 3 4
6 94 2 5
70 35 1 2
65 35 2 3
16 22 2 1
16 73 4 4
48 45 1 5
9 48 1 5
14 95 3 2
31 77 4 4
64 85 5 3
89 28 2 2
68 21 4 1
50 39 2 4
23 34 5 5
31 43 1 3
30 81 1 4
82 40 3 3
55 43 3 5
90 100 5 2
96 87 5 3
74 45 2 4
44 97 5 4
92 97 4 1
10 39 3 3
62 71 3 5
82 94 2 3
99 91 4 4
53 41 5 1
50 98 1 3
76 5 5 2
91 30 4 4
76 25 3 4
5 98 4 2
78 26 4 5
15 47 4 4
34 83 2 3
95 94 5 1
24 75 4 2
57 64 5 4
41 77 4 5
12 27 2 4
56 42 3 5
35 61 1 2
64 4 3 1
29 8 1 3
56 44 5 3
64 6 3 4
63 100 2 4
14 20 1 3
91 69 5 4
44 16 4 1
61 24 3 1
32 36 2 2
73 81 1 5
69 76 3 2
73 72 4 1
6 85 5 1
84 15 1 2
82 7 5 5
70 95 5 3
59 20 5 5
54 58 5 2
100 50 3 2
74 28 2 3
31 35 3 3
20 25 5 5
78 99 5 3
8 16 2 4
80 24 5 4
81 64 4 3
17 91 3 4
92 87 4 4
21 74 2 3
100 63 3 1
15 50 1 4
69 39 3 3
16 33 4 2
24 4 2 5
56 3 1 1
26 29 3 1
11 31 1 3
72 46 3 1
47 26 2 5
22 9 4 4
34 79 2 1
16 51 2 3
37 61 3 1
55 47 5 4
56 28 4 4
83 52 1 3
33 53 3 4
82 61 2 2
12 15 5 4
54 52 5 2
90 23 2 4
69 57 4 5
78 46 4 2
18 13 3 2
55 15 3 1
91 43 3 1
66 14 2 3
39 41 3 3
66 57 2 4
27 43 4 1
99 9 2 4
23 61 5 3
42 19 4 2
26 56 1 2
2 90 3 1
27 23 5 1
12 25 4 1
5 96 3 4
92 80 5 2
33 30 5 4
10 93 2 4
93 47 3 5
2 79 2 1
100 76 2 1
91 100 1 3
57 89 3 4
60 57 3 4
95 44 2 2
56 28 3 1
17 50 1 1
24 81 5 1
30 79 1 2
34 75 1 3
13 42 4 2
27 89 3 4
85 55 4 3
27 15 2 4
91 94 3 2
24 38 3 3
73 37 1 5
3 5 4 5
17 42 1 3
56 33 1 4
82 36 4 1
72 26 4 1
91 72 2 1
47 32 4 2
72 43 1 1
69 76 1 5
51 94 5 2
55 8 4 1
49 100 5 4
20 59 5 2
33 75 5 5
17 35 1 2
65 48 3 3
13 17 2 1
33 35 4 3
37 23 5 1
51 50 1 2
76 50 4 1
11 34 3 2
59 64 3 2
25 3 5 5
81 60 4 2
47 38 2 4
95 86 3 3
73 10 1 5
4 66 2 5
11 70 1 2
72 88 1 3
57 19 1 3
99 8 1 1
4 36 1 2
99 1 5 1
93 76 2 3
21 14 2 5
86 45 5 1
25 77 3 5
65 60 3 3
30 76 1 3
64 92 3 5
40 98 5 5
78 100 5 4
10 68 1 5
46 4 5 3
15 35 1 4
48 76 5 4
68 53 4 3
71 51 1 3
54 37 2 4
46 86 5 1
37 20 1 5
58 60 4 3
14 60 3 4
26 43 5 2
47 59 4 2
78 40 3 1
89 64 2 2
36 63 5 2
66 34 3 4
6 46 3 2
88 69 4 3
85 70 5 3
54 6 5 5
41 29 2 1
55 11 4 3
39 98 3 5
64 50 4 2
86 78 1 4
30 66 1 2
73 51 5 4
58 56 5 4
11 91 2 3
70 96 3 3
55 89 4 4
45 15 3 2
5 15 2 4
64 9 3 2
30 94 5 5
6 69 1 2
100 10 3 5
77 76 1 3
20 19 3 2
18 8 1 1
47 34 5 2
70 38 3 5
79 33 3 3
36 14 3 2
69 67 2 3
86 69 2 5
96 29 1 3
97 82 5 3
74 82 3 1
6 66 3 1
41 80 4 5
73 91 4 2
51 98 1 1
89 66 89450 88773
52 34 2 2
68 50 1 4
74 96 1 5
6 20 4 4
63 75 2 3
7 39 5 5
96 6 5 4
66 85 5 2
45 15 1 5
78 37 2 5
92 95 4 4
67 4 2 3
93 63 5 5
79 63 4 3
52 98 3 2
57 93 4 2
74 20 1 4
36 86 1 4
84 97 1 5
74 2 4 3
82 6 1 3
71 89 2 2
39 31 3 2
98 69 5 2
89 13 1 1
15 77 3 3
62 1 3 5
86 62 5 3
30 68 4 3
93 36 2 1
63 87 1 5
57 15 4 3
71 14 2 3
37 6 3 5
3 10 5 1
37 29 2 2
40 15 2 4
63 48 5 1
73 18 4 4
33 80 2 5
28 55 5 1
18 93 5 4
3 54 3 1
91 11 4 5
84 71 5 5
92 72 1 4
67 66 4 3
20 87 4 2
7 35 2 2
85 45 5 4
29 98 4 3
16 51 1 3
74 2 5 2
13 39 5 1
98 91 1 4
24 76 1 1
55 28 1 5
31 39 5 3
15 28 2 3
19 11 3 5
91 41 3 4
67 70 1 1
51 59 4 3
77 10 5 4
23 80 4 5
78 80 2 3
50 60 2 5
43 41 5 5
99 40 3 3
44 33 5 4
82 61 1 5
71 3 3 1
3 95 3 2
12 81 3 4
85 88 2 5
56 16 4 3
5 32 2 1
31 86 4 5
56 79 4 2
60 37 3 3
88 35 5 5
23 93 1 4
48 12 3 1
94 57 5 4
3 11 2 3
59 99 2 3
27 82 2 5
46 31 3 4
88 27 3 5
35 49 4 1
84 99 4 5
26 50 5 1
77 25 4 1
24 92 2 1
98 75 5 4
33 63 4 4
61 89 1 4
81 91 1 4
8 93 2 3
62 22 5 1
34 75 4 5
89 64 2 3
68 87 3 4
31 27 2 3
33 98 2 4
11 80 5 4
89 27 2 4
98 48 2 2
40 49 4 3
95 88 5 5
41 14 2 1
60 25 3 4
34 45 1 4
36 28 1 2
37 93 5 3
32 53 2 3
75 61 3 2
11 24 4 3
1 35 1 2
89 95 3 2
33 80 5 4
68 78 3 3
30 46 1 1
48 49 2 5
37 45 2 1
59 74 1 1
42 58 5 3
89 70 4 4
37 78 89174 85983
85 77 3 2
7 60 4 2
48 92 3 2
31 11 3 5
22 25 1 3
40 74 2 3
28 73 5 2
79 53 4 3
20 72 3 2
48 50 3 1
17 16 4 4
46 61 1 2
32 72 4 1
32 30 4 3
72 43 4 4
44 61 2 1
85 7 4 3
6 63 4 4
79 45 2 4
13 58 4 3
41 98 2 4
77 17 4 1
6 84 2 4
18 84 5 3
78 59 1 3
65 99 1 3
79 98 4 1
23 71 4 1
52 85 1 4
94 27 1 3
59 69 1 5
7 69 1 3
84 65 4 3
77 69 5 2
24 20 4 1
21 79 4 1
68 75 5 5
57 85 5 3
53 62 4 5
7 83 5 2
14 90 5 2
29 42 3 4
26 76 1 3
64 48 2 5
92 23 4 1
14 62 3 1
88 58 1 1
30 27 5 1
13 31 2 1
3 38 1 5
78 1 4 2
28 37 4 5
39 92 1 2
5 43 2 4
22 93 5 2
80 29 2 4
56 30 1 1
91 47 2 2
28 75 1 4
97 2 3 5
9 83 2 4
25 50 5 1
40 99 1 1
75 8 1 4
75 61 4 2
79 66 3 5
98 64 3 2
24 2 4 3
8 92 2 5
40 88 4 1
79 80 4 5
50 90 3 1
82 88 5 3
87 73 5 1
100 5 3 5
76 74 2 2
22 69 3 4
1 32 1 1
12 38 5 2
34 8 3 4
90 18 3 2
85 20 5 5
5 19 3 1
53 99 3 1
83 33 4 4
70 45 4 1
19 86 2 3
49 78 3 2
78 12 1 1
26 77 5 1
59 91 3 3
22 86 1 4
19 60 1 5
52 84 2 5
98 42 2 3
13 83 1 1
83 92 1 5
94 11 5 5
73 71 5 3
79 42 5 4
90 37 1 2
99 56 4 1
22 27 1 2
73 87 5 1
36 24 2 4
14 52 2 1
29 64 5 1
87 18 2 1
35 1 3 2
8 39 3 5
80 19 4 4
12 2 5 4
67 91 2 4
72 3 5 4
40 18 3 3
43 93 2 4
20 79 1 2
23 64 1 2
38 85 5 4
23 83 3 2
51 39 4 1
40 14 4 5
73 6 5 2
11 79 5 4
49 16 4 4
9 92 1 5
10 76 1 2
39 16 3 3
93 60 5 4
34 71 2 2
73 33 2 5
48 47 5 5
49 43 4 5
7 20 3 5
26 37 4 3
79 28 5 4
91 37 2 3
82 33 4 2
42 60 1 1
48 81 83730 80198
67 41 3 5
73 30 1 4
7 57 2 1
65 74 4 4
7 39 5 3
28 37 2 5
73 18 88124 85767
82 8 2 5
53 88 3 2
40 26 4 2
82 94 1 2
75 8 3 3
80 2 3 2
12 21 3 5
19 4 1 3
46 18 1 1
80 59 3 3
83 16 5 1
71 83 1 4
2 28 5 2
35 17 2 2
92 68 5 5
33 95 4 2
82 73 2 2
95 27 4 1
52 97 4 1
89 83 4 2
4 77 2 4
23 78 5 4
89 14 1 3
87 99 3 4
9 19 3 4
9 72 3 4
2 62 2 5
62 72 4 5
51 90 5 3
71 52 5 2
17 54 2 3
38 37 4 1
87 43 1 3
42 53 5 3
11 77 3 5
75 39 4 4
30 29 3 3
36 12 1 5
66 49 5 5
54 29 1 5
54 72 5 3
34 99 3 1
83 38 5 4
64 39 3 3
33 50 3 5
80 81 4 2
58 44 1 5
14 92 2 5
22 75 3 4
52 92 1 4
27 34 3 3
66 54 5 3
28 19 2 4
13 32 3 1
74 17 4 4
60 22 3 2
28 33 3 5
44 11 1 4
62 31 1 2
28 25 5 1
70 87 1 2
57 58 4 3
20 54 2 5
46 64 4 4
21 43 2 2
78 83 4 5
45 76 5 3
75 95 5 3
92 99 3 1
16 9 5 2
23 71 4 4
70 78 1 4
85 21 5 2
38 14 87531 89421
26 77 4 3
28 5 3 4
19 8 1 3
95 27 5 3
87 76 5 5
61 79 4 1
10 32 5 2
43 14 3 1
58 86 1 3
67 89 1 4
91 81 2 3
6 53 4 5
98 61 2 5
35 40 3 4
31 71 1 5
93 43 3 1
62 81 1 3
79 91 1 1
75 68 3 5
33 7 4 4
97 88 5 5
59 87 5 5
88 55 2 1
18 85 3 2
35 34 4 3
27 86 1 2
95 20 4 2
29 15 1 3
85 92 3 5
6 38 4 5
14 5 4 2
77 82 1 3
69 85 1 3
51 91 5 1
90 76 1 5
13 27 1 1
76 14 1 1
79 74 5 5
6 23 1 1
64 41 1 5
66 70 1 3
40 92 2 3
8 43 1 4
83 99 3 1
56 77 5 4
60 36 4 4
38 37 4 4
88 54 3 2
54 20 4 2
8 55 2 4
56 39 5 1
87 92 2 1
78 88 3 3
18 35 3 4
62 36 1 4
77 57 5 1
99 21 4 1
31 53 1 5
11 9 3 2
27 94 3 1
83 28 3 3
35 51 3 1
27 69 5 5
3 31 5 4
17 72 2 3
81 14 4 4
1 98 4 1
3 42 3 1
56 59 4 2
73 70 5 1
49 81 3 3
30 83 5 4
33 87 5 2
53 24 3 3
57 79 1 1
77 94 3 3
73 100 1 3
72 100 2 1
80 95 4 5
26 28 2 3
23 80 3 2
23 76 2 2
18 9 3 5
80 16 2 4
59 17 4 5
99 93 1 3
23 56 2 4
30 66 2 1
83 10 2 3
13 70 4 3
65 11 3 5
67 31 1 4
35 7 5 1
39 61 2 5
11 4 4 1
11 40 3 3
46 84 4 2
49 67 1 4
6 49 1 1
78 11 1 5
66 72 3 5
94 50 83231 85065
20 22 1 5
18 16 2 1
13 95 2 3
10 61 3 5
87 49 5 1
20 50 5 3
49 50 4 1
61 93 88597 89716
33 65 5 5
84 8 5 5
2 85 1 3
2 17 5 1
10 36 4 5
18 3 1 3
85 17 5 2
3 51 5 5
10 70 1 1
69 67 3 4
70 20 3 2
10 74 4 1
29 62 2 5
91 85 5 3
87 32 3 2
60 47 4 2
79 16 2 2
10 81 2 5
14 5 5 1
60 36 2 4
35 20 1 1
15 45 3 3
37 81 4 4
3 15 1 2
45 35 4 1
91 27 4 2
11 72 5 3
52 23 2 5
44 55 1 1
66 26 1 3
94 33 3 4
27 66 3 5
47 61 4 4
67 25 2 5
20 46 1 1
74 67 4 2
74 36 2 1
15 41 4 5
36 77 2 1
90 25 1 2
41 69 2 5
40 7 1 2
57 2 5 4
61 3 1 3
76 81 5 4
84 7 5 2
18 16 4 3
47 91 3 2
90 86 2 1
49 87 4 1
57 56 3 1
60 86 1 4
68 3 3 5
58 68 2 2
10 17 1 5
27 94 3 2
77 88 4 4
5 4 1 5
90 19 1 4
72 5 85892 85377
56 54 1 5
8 95 2 2
6 70 4 1
62 29 3 2
34 26 2 4
91 64 5 3
65 79 2 1
93 88 3 4
81 6 2 5
73 48 3 2
9 62 1 3
30 70 1 4
96 31 4 3
42 65 4 3
95 75 5 3
86 89 2 4
5 70 5 4
9 25 4 5
82 96 3 5
15 36 5 3
29 16 4 5
6 99 5 4
71 99 5 5
54 22 3 1
75 85 1 4
62 59 2 2
86 40 4 3
68 9 1 1
91 52 2 1
4 97 3 3
12 38 3 5
59 19 3 2
54 3 5 2
28 5 2 1
84 68 2 5
23 98 4 1
19 72 4 1
67 88 4 3
89 4 4 3
29 58 3 2
40 55 1 5
40 84 3 5
43 90 2 3
67 14 3 5
50 94 4 3
4 41 5 1
16 40 5 4
56 21 2 5
81 9 5 1
67 89 4 4
78 54 3 2
35 51 4 4
95 60 4 3
22 62 1 4
13 73 3 3
84 86 2 3
71 73 1 2
86 23 1 4
57 65 5 1
27 29 4 5
58 76 4 4
25 48 1 2
47 59 3 2
89 64 3 3
15 66 4 2
95 63 3 4
7 15 3 4
81 18 2 3
92 78 3 4
96 16 3 3
99 49 5 5
35 27 2 4
45 39 5 5
60 52 2 5
97 69 1 1
72 8 1 5
46 20 3 2
30 83 2 3
77 91 3 1
60 3 5 5
23 4 2 1
57 92 4 4
33 87 4 5
1 24 5 1
43 84 5 4
8 72 2 4
25 36 4 2
48 39 2 1
97 81 1 3
53 73 1 2
87 61 2 1
12 74 2 5
65 36 5 4
96 50 2 1
13 68 5 3
65 90 5 1
62 43 2 3
12 51 2 3
50 60 1 5
23 77 1 1
19 85 4 1
97 30 3 2
74 6 1 2
65 67 4 1
61 22 4 3
37 32 5 3
9 71 4 5
73 94 5 5
23 72 2 3
50 59 4 5
83 52 2 4
86 81 4 2
68 40 5 4
38 21 3 2
7 2 5 2
90 44 1 3
97 66 1 5
82 51 2 5
21 45 1 4
88 87 5 2
11 37 2 3
3 65 1 2
90 3 5 4
88 100 3 2
84 28 1 4
100 8 5 1
53 29 5 3
8 11 3 2
94 49 1 4
49 59 2 1
31 64 2 5
93 44 2 1
91 52 3 1
19 86 3 1
12 84 2 2
36 51 1 4
74 5 5 1
30 56 89149 85974
81 7 1 2
22 80 2 4
26 14 4 2
25 8 2 5
65 94 1 5
79 43 5 3
65 62 5 2
19 33 1 5
31 33 2 5
59 33 3 1
97 89 4 4
40 59 3 2
20 92 5 1
68 94 3 2
28 10 1 5
95 92 3 3
80 45 4 5
54 26 1 1
49 30 1 5
8 59 3 2
36 24 2 4
42 68 5 4
1 76 4 3
16 75 5 1
77 55 5 4
74 9 1 5
93 25 3 2
55 30 1 1
3 67 5 5
35 67 1 3
16 86 2 1
81 45 3 2
70 14 3 1
57 35 4 3
56 6 2 4
50 82 3 5
72 56 4 2
14 8 2 5
20 41 1 1
25 86 5 1
95 81 2 4
62 40 5 5
63 38 5 4
86 4 4 4
62 100 2 4
69 76 5 1
21 58 4 3
6 9 1 5
4 13 3 1
85 95 5 1
1 30 4 3
49 75 3 4
92 99 2 3
98 86 1 4
86 14 3 2
71 58 1 3
32 94 5 2
11 54 4 3
28 10 4 4
89 90 3 3
86 20 5 1
8 80 4 1
34 8 2 5
83 39 5 3
55 60 4 4
5 12 1 4
35 1 2 4
20 38 4 3
15 2 4 3
33 65 1 2
11 43 2 1
23 81 3 1
19 83 1 2
58 17 4 3
62 72 3 2
63 21 5 1
42 84 1 4
29 94 3 5
53 14 4 3
33 89 2 1
30 85 2 2
53 47 4 3
11 21 4 4
21 57 2 4
89 77 5 2
78 5 1 1
38 50 3 2
20 46 5 5
48 73 1 2
5 67 3 2
63 49 1 4
24 41 5 5
70 72 4 3
81 53 5 3
45 85 5 4
85 8 5 3
21 4 4 3
82 55 2 2
83 51 5 2
73 67 3 2
53 91 5 4
8 97 3 4
72 93 5 4
14 84 3 1
93 30 5 4
82 81 2 5
51 87 4 1
80 35 2 1
12 84 3 4
70 46 2 2
33 60 5 1
41 94 3 2
4 76 4 2
63 51 4 1
24 44 5 4
64 92 3 1
48 49 5 3
86 46 1 5
98 32 2 3
38 45 1 4
81 57 5 1
6 56 5 4
58 40 2 4
48 46 3 2
24 61 2 2
68 6 2 4
55 33 4 4
66 14 1 4
87 13 2 5
66 12 3 5
96 100 3 2
58 54 4 2
40 88 3 1
16 100 1 5
66 73 2 5
35 12 2 3
51 85 1 2
90 13 3 2
64 41 5 3
9 88 4 4
47 93 5 5
73 92 1 1
84 21 2 4
58 78 5 3
62 67 5 4
3 49 1 5
78 30 4 3
56 4 4 1
97 24 4 4
69 37 1 2
86 74 5 2
94 33 4 1
76 69 5 5
81 59 5 1
72 46 5 2
73 90 5 4
43 75 4 1
68 92 1 2
22 53 5 4
61 12 3 5
20 14 2 1
9 39 4 5
87 94 5 2
92 40 1 2
13 68 3 1
95 9 5 4
64 49 1 4
61 92 5 4
76 10 5 1
59 90 4 2
13 5 2 3
8 18 4 1
68 64 2 2
2 67 2 4
83 14 3 3
21 12 5 1
92 12 4 4
47 100 5 3
78 19 4 2
7 52 1 5
45 67 1 3
14 50 5 1
38 67 3 4
92 70 2 4
43 50 2 3
95 62 5 4
46 60 4 1
94 38 2 3
50 56 1 1
44 12 5 1
36 45 4 2
82 60 88711 89132
49 40 1 4
45 26 2 4
66 50 2 2
87 83 5 4
33 86 3 1
34 57 3 1
91 40 2 3
92 5 2 5
34 96 4 4
64 47 1 2
10 13 1 5
76 38 1 4
67 28 1 2
26 88 3 1
8 61 1 5
92 18 1 4
63 76 3 4
46 11 3 2
6 73 5 5
47 24 2 5
43 55 5 2
87 73 3 3
3 24 5 3
50 61 1 1
43 71 3 5
84 10 4 4
100 1 4 4
22 72 4 3
48 59 3 4
1 68 4 5
84 92 3 1
89 6 5 4
53 23 5 2
90 38 4 2
96 20 4 1
77 31 1 1
33 92 3 3
87 98 5 3
37 10 4 5
68 92 1 3
84 91 2 5
19 68 1 4
21 53 4 2
11 67 1 5
23 25 3 3
73 78 4 2
42 51 1 1
81 39 4 1
11 32 2 3
45 39 1 2
67 2 5 1
6 2 5 4
27 47 2 3
88 41 1 1
62 68 5 4
98 34 5 2
76 74 5 3
6 69 5 4
92 21 3 4
61 29 4 3
33 70 3 2
83 32 5 3
17 69 3 4
77 33 3 3
88 80 4 1
44 75 2 5
82 23 1 4
31 62 2 5
17 89 3 5
78 34 3 4
66 92 2 5
95 25 5 1
3 5 3 1
49 95 5 4
57 82 5 1
3 62 2 2
79 93 3 3
89 51 2 3
49 89 2 5
71 72 4 3
95 33 2 2
80 13 2 2
61 69 1 2
82 38 5 2
82 72 5 3
9 64 4 1
87 5 5 3
6 76 4 3
22 33 1 5
11 56 4 2
22 40 4 3
85 72 1 1
95 83 1 4
14 77 5 5
24 9 5 1
78 18 4 3
55 22 2 4
61 45 5 1
6 41 1 2
35 100 5 2
57 35 2 2
71 23 5 1
62 35 3 1
26 97 4 2
76 38 5 2
65 5 3 3
10 45 2 1
13 84 3 1
37 16 5 2
56 17 5 2
50 11 2 4
14 76 2 2
54 49 5 2
100 77 4 3
45 18 3 3
2 65 3 3
46 70 4 5
41 96 5 5
20 63 5 4
69 41 3 2
22 8 3 5
36 30 5 5
49 39 3 3
74 30 5 2
47 38 2 5
3 43 5 1
83 84 4 1
55 64 3 2
26 18 1 4
61 27 1 1
51 9 4 4
99 60 4 1
59 39 1 1
7 50 3 2
33 31 1 5
51 61 1 5
25 92 4 4
72 20 2 3
62 74 4 5
18 5 3 2
51 12 3 4
57 24 3 4
41 45 4 5
32 15 3 2
54 12 5 1
45 64 2 2
75 30 4 4
31 76 4 3
74 63 3 4
57 31 88843 82218
49 59 1 5
93 61 4 4
62 56 2 1
96 68 3 2
27 45 3 2
80 38 3 4
67 11 2 1
53 30 5 5
48 87 3 4
16 97 5 5
53 71 5 5
60 34 1 4
71 78 2 5
17 91 2 3
78 18 5 3
76 25 3 5
26 100 2 5
53 5 1 3
32 64 4 5
8 59 5 4
32 77 1 5
94 70 2 2
95 54 2 5
11 23 5 1
72 42 5 2
88 69 3 1
27 86 2 1
61 48 4 4
22 76 1 3
92 36 1 2
20 78 4 2
84 48 5 4
13 2 1 5
19 25 2 3
83 73 4 2
14 97 2 4
5 88 1 5
75 72 1 4
94 17 5 4
1 67 5 2
5 89 1 4
38 79 1 4
48 52 5 1
62 56 5 1
81 32 1 4
13 70 2 3
90 32 1 4
62 94 3 2
100 73 3 2
27 5 4 5
24 53 3 4
10 28 5 3
62 47 2 4
94 84 1 1
94 42 2 3
54 96 1 2
17 92 5 4
88 61 1 5
3 4 3 3
19 39 2 5
35 30 5 5
11 5 3 5
71 4 2 4
78 8 4 5
84 29 3 4
28 6 3 2
80 92 1 3
4 13 5 5
33 24 4 2
76 55 5 4
97 78 5 5
50 29 2 3
20 21 3 5
52 66 4 5
8 1 1 4
56 65 3 3
27 45 2 1
42 29 5 2
31 4 2 3
33 70 4 5
48 10 2 5
80 10 1 1
32 80 3 5
89 46 1 5
55 66 1 4
55 8 2 5
38 16 3 3
44 94 5 4
14 20 5 1
26 30 1 5
72 87 5 1
53 30 1 4
46 31 4 3
1 92 1 1
37 26 3 4
73 1 5 5
24 94 2 2
26 95 4 2
55 52 2 4
47 83 4 4
5 60 2 2
40 53 4 3
50 93 3 1
45 13 2 5
14 51 1 3
54 12 3 3
54 93 2 1
27 65 3 2
97 32 4 2
54 86 3 3
86 30 3 3
28 41 4 3
66 60 5 1
84 55 3 2
89 68 4 2
94 3 2 3
28 80 5 5
59 48 1 1
44 47 2 5
26 92 2 2
24 84 4 5
8 54 4 2
31 95 3 5
47 68 5 1
27 90 1 5
7 13 2 5
82 52 1 3
57 10 2 5
83 16 1 2
39 23 3 1
6 30 5 1
3 21 3 1
55 75 5 1
53 85 2 1
99 63 2 5
45 52 2 1
49 95 2 3
13 14 1 2
87 44 3 3
69 81 2 4
71 79 5 3
58 89 2 2
77 76 3 4
15 83 2 3
47 18 5 3
39 14 3 5
58 65 2 5
83 89 4 5
50 28 1 5
88 53 3 1
49 77 1 3
83 32 1 5
57 18 4 5
74 55 1 2
32 26 5 5
6 95 3 4
25 57 1 5
31 8 3 4
56 27 2 2
76 17 4 1
34 54 2 3
87 20 2 3
6 23 4 1
86 48 3 1
23 59 3 5
15 82 4 2
22 30 2 3
66 82 5 5
60 31 5 3
65 68 5 3
77 12 4 1
40 71 2 2
27 69 3 1
57 72 5 5
22 68 5 3
74 98 5 4
23 70 3 2
64 47 2 1
40 83 2 2
60 24 5 4
63 30 1 4
39 69 5 1
81 83 3 2
48 76 2 4
33 19 4 3
62 87 1 1
33 14 1 1
35 31 3 5
2 34 2 2
86 51 5 4
74 48 5 2
55 72 3 4
2 79 2 2
46 57 4 2
14 4 5 2
62 70 4 2
39 65 5 2
57 15 2 1
26 8 3 5
7 59 5 1
60 48 3 2
77 42 3 3
8 53 5 3
70 96 89018 89407
14 97 3 2
4 33 2 1
90 32 3 2
87 68 5 2
34 20 2 5
51 36 3 4
6 87 3 5
7 59 5 5
49 76 2 4
95 43 2 3
34 79 1 5
49 2 3 3
32 65 2 1
93 75 3 5
3 48 2 4
85 5 1 3
66 68 2 2
62 99 5 3
12 39 1 1
54 25 1 1
76 17 5 5
67 12 1 3
48 84 2 3
39 67 3 3
82 28 3 4
11 46 4 5
55 7 5 5
85 91 1 4
93 6 5 1
14 89 1 3
53 17 4 2
11 96 5 2
57 87 4 3
20 52 1 3
92 10 5 5
62 39 2 4
75 22 3 1
68 30 4 4
21 90 4 3
57 65 1 1
76 97 5 2
10 27 1 3
74 88 5 2
12 96 5 4
63 76 2 3
55 75 3 1
5 3 4 5
66 76 1 2
78 20 4 4
30 90 4 3
75 49 2 3
15 43 3 1
70 17 1 2
23 91 1 3
100 10 1 1
14 53 2 4
54 40 1 3
12 45 2 1
70 9 5 3
37 34 3 4
39 11 5 5
19 57 1 3
17 76 2 4
18 54 4 5
83 70 5 5
7 38 4 2
42 63 87678 89493
76 38 2 1
51 61 3 3
6 92 4 2
44 89 3 1
87 29 1 3
16 98 2 1
86 20 1 2
26 50 2 4
4 25 3 1
9 46 4 4
67 77 4 2
4 72 5 3
70 96 5 4
76 84 5 4
31 90 4 5
77 34 1 5
2 78 4 2
76 43 3 3
73 81 4 4
45 32 86479 88003
86 73 2 1
44 40 4 4
15 57 2 5
39 28 2 1
55 23 3 1
61 35 2 5
65 25 4 1
21 22 5 2
89 8 5 1
74 77 5 3
22 49 2 1
33 72 2 4
20 31 1 4
10 91 3 1
13 7 1 5
30 54 2 1
9 39 3 3
73 4 4 1
59 82 5 5
22 60 1 5
31 58 1 5
73 3 1 1
77 25 2 5
65 83 4 4
61 67 5 2
32 31 5 5
31 81 1 1
54 68 1 5
54 86 4 3
62 38 1 5
48 5 4 3
13 53 2 2
40 50 4 3
59 98 2 4
51 67 1 2
61 94 1 5
84 82 4 5
95 1 3 3
36 94 1 4
5 85 5 1
67 91 1 1
9 94 2 2
56 86 2 5
95 9 86240 86534
5 20 3 5
56 47 5 2
60 62 4 3
38 96 4 3
49 24 4 4
40 3 5 2
91 88 3 4
95 17 5 5
18 97 4 1
45 6 1 3
15 62 4 1
2 57 1 2
4 31 2 2
40 78 1 3
46 93 5 2
9 26 1 4
66 51 2 5
25 96 3 1
21 62 5 2
33 47 4 3
86 99 4 5
74 21 2 3
69 59 1 1
20 41 2 2
87 50 89299 88760
11 24 1 4
90 49 1 3
55 37 1 3
97 30 3 1
4 65 2 1
77 21 1 2
73 17 3 4
42 28 5 1
19 4 1 1
18 27 5 1
66 60 1 3
48 65 3 5
90 96 5 4
9 33 1 2
50 97 1 2
90 75 1 2
17 71 3 1
81 77 4 3
82 17 5 5
84 29 2 1
74 61 3 1
46 13 1 1
99 54 5 5
72 69 1 1
24 2 1 1
67 2 5 3
20 82 1 1
29 76 3 3
44 64 2 5
21 13 4 4
50 33 1 3
56 8 4 4
17 86 3 5
53 54 4 2
55 17 1 5
8 3 3 5
51 69 2 5
19 6 5 5
29 91 1 5
68 32 3 2
8 84 3 5
86 59 2 2
53 20 5 3
78 57 5 3
3 67 1 1
95 3 4 1
50 35 4 1
79 27 4 1
93 4 5 5
67 77 2 2
86 69 4 3
2 58 5 4
74 92 3 3
31 74 3 2
2 15 1 5
97 63 5 5
28 8 3 5
83 42 5 5
46 72 2 1
95 17 3 2
29 83 4 3
72 54 5 3
65 46 2 5
49 96 5 3
43 88 1 3
79 88 4 3
20 41 5 2
82 60 1 1
33 2 5 2
21 84 2 5
25 2 4 3
88 99 1 4
55 35 5 5
21 85 1 4
71 84 3 1
59 96 3 2
9 77 4 2
35 51 4 2
11 48 89935 82801
78 2 5 3
27 8 3 2
35 27 3 3
47 2 2 4
86 91 2 2
90 8 2 1
55 59 3 4
88 19 1 3
2 11 3 1
28 21 2 1
96 44 4 1
39 66 4 5
19 94 3 4
65 80 2 2
75 39 4 2
60 87 3 5
86 18 3 2
68 69 2 1
22 21 89842 86311
97 30 2 4
12 68 2 1
14 33 3 3
87 56 2 5
82 30 2 3
85 84 5 1
59 30 4 1
59 4 3 2
37 79 4 4
68 44 4 2
59 16 4 5
28 81 5 5
82 15 1 4
74 85 2 5
26 48 5 2
88 97 2 4
91 59 2 4
98 84 3 4
56 12 3 5
30 91 3 4
4 14 5 3
38 60 2 2
27 6 5 5
5 74 2 2
12 39 4 4
10 59 5 2
3 6 5 1
37 49 5 4
9 3 3 1
8 74 4 2
78 41 5 1
23 14 1 1
91 15 4 3
72 42 3 3
86 29 3 2
89 69 4 1
20 33 1 1
49 71 1 2
69 87 2 1
27 51 1 5
93 19 4 1
57 43 4 5
90 67 3 5
8 82 2 1
3 32 4 2
17 67 1 3
51 49 1 3
17 62 3 4
58 40 2 2
56 93 4 2
3 51 3 3
53 45 1 3
79 7 2 5
50 93 4 4
67 43 4 1
68 80 1 4
71 53 3 3
64 32 3 5
57 85 3 5
75 95 2 2
41 78 2 4
72 77 4 3
82 59 2 1
53 21 1 3
78 72 4 1
45 64 3 1
15 21 3 4
56 38 3 2
41 96 1 3
12 28 3 2
18 35 1 2
88 25 85654 85541
92 40 1 3
65 45 3 1
39 99 1 4
97 93 3 3
52 77 4 1
45 100 3 3
32 29 4 4
51 90 87825 88788
23 35 5 3
100 54 4 1
49 20 3 2
26 58 4 4
44 86 3 3
5 43 2 1
66 58 1 1
100 7 3 5
95 90 1 5
63 28 1 4
24 37 1 5
68 65 2 5
42 34 5 5
34 67 5 5
100 33 1 5
21 94 4 4
82 59 5 3
75 42 5 3
34 21 4 3
45 55 4 3
17 24 4 2
38 26 4 3
45 29 5 4
18 52 5 4
38 2 3 1
77 76 5 3
29 46 2 1
79 82 3 5
63 92 1 3
93 78 2 4
75 64 1 5
29 90 2 2
47 79 4 3
8 100 4 3
20 4 5 2
81 11 3 3
58 71 2 3
5 79 2 1
93 4 1 4
85 63 1 2
34 15 3 4
51 97 2 5
68 7 3 3
44 18 2 1
35 90 5 4
4 50 2 4
68 29 1 5
61 11 4 1
82 90 5 2
81 66 1 5
95 18 2 5
11 46 5 2
71 28 4 5
97 15 5 1
100 12 1 2
13 37 4 3
14 17 4 3
45 6 5 1
58 18 5 2
68 96 5 2
99 24 1 3
81 11 1 5
14 17 2 5
57 35 4 2
15 18 3 1
83 53 4 4
8 90 1 5
56 89 3 4
86 26 5 1
5 79 3 2
59 14 2 3
29 70 3 2
6 23 3 5
98 27 2 5
83 74 2 4
2 38 2 5
40 27 3 5
31 57 3 5
98 38 5 2
1 22 3 3
44 52 1 5
46 10 1 2
5 24 4 5
89 4 5 3
45 55 3 2
3 35 2 5
77 36 4 5
25 30 2 4
2 72 5 4
10 11 1 4
71 64 3 4
71 100 5 3
88 15 4 5
13 57 5 4
100 76 4 4
96 94 1 3
99 80 2 3
35 30 1 1
59 57 2 5
58 64 89252 86796
81 42 5 5
58 27 1 2
13 87 1 2
9 89 3 4
74 60 5 3
42 66 5 4
36 100 4 2
71 21 5 4
7 89 1 2
77 24 3 2
99 59 1 5
83 26 1 5
11 99 1 4
54 28 5 5
16 70 4 4
45 67 1 1
23 42 1 3
2 95 1 1
43 80 2 4
8 80 4 4
41 62 5 4
4 60 1 5
74 89 3 4
70 32 4 4
43 53 2 1
64 57 2 1
33 92 5 1
75 30 1 2
17 7 3 5
90 24 4 5
15 18 1 5
57 43 3 5
32 87 2 1
50 59 4 4
43 100 3 3
9 13 1 5
41 43 5 2
52 57 4 5
55 66 86286 89730
75 22 4 4
38 56 3 1
29 16 4 4
60 46 1 5
53 94 2 4
24 50 1 3
70 97 4 2
15 21 3 1
3 56 4 1
68 25 1 5
62 79 2 2
97 91 4 1
19 12 5 2
63 21 4 3
83 78 1 4
22 13 2 4
90 79 2 5
45 63 4 3
78 75 3 1
15 88 1 5
94 79 3 1
11 55 2 5
42 44 4 5
31 54 3 4
75 47 4 1
68 58 1 4
81 49 2 5
10 59 2 3
26 36 3 1
81 1 1 1
66 19 3 1
82 97 4 2
80 35 2 2
55 19 2 5
34 97 5 2
96 55 3 5
74 22 5 4
24 15 1 4
31 45 3 4
59 8 3 1
94 14 5 2
47 35 4 4
48 28 2 3
100 42 2 2
99 28 4 4
90 68 5 4
30 51 2 4
49 36 1 2
90 77 3 4
11 22 3 3
96 51 1 5
8 83 1 5
32 37 5 1
68 53 2 5
85 58 2 1
39 100 4 5
28 64 5 3
62 21 3 2
49 45 2 3
12 51 3 1
51 27 4 3
75 89 1 2
59 73 2 4
59 19 4 4
78 10 3 4
13 81 5 3
18 52 5 5
12 90 1 4
92 76 5 5
90 35 3 1
9 30 4 2
8 99 3 3
21 22 3 5
36 42 5 1
88 15 4 3
38 77 2 2
15 76 4 2
45 54 5 1
35 95 2 4
10 77 3 5
59 72 2 3
60 100 5 3
96 29 5 5
75 80 4 5
91 23 4 4
50 66 2 3
87 78 4 5
49 30 1 3
79 68 4 2
100 20 3 1
90 14 3 4
100 89 1 4
87 97 1 2
48 34 4 1
44 54 2 2
20 15 4 2
38 66 5 2
84 30 5 5
34 61 4 3
27 29 3 3
30 48 1 1
18 15 5 4
81 30 5 2
50 65 1 4
27 33 4 2
79 15 5 4
62 35 4 1
76 77 1 4
91 36 3 3
32 4 2 5
98 45 89844 80031
34 32 1 4
44 80 5 2
17 28 4 2
11 38 4 2
15 16 2 3
99 49 2 1
53 19 1 5
63 22 4 5
30 44 2 2
36 75 5 5
7 47 3 2
20 10 4 1
74 64 3 3
25 79 2 4
78 15 5 4
33 5 5 1
43 5 3 2
94 52 3 2
30 68 1 3
20 13 4 5
22 12 5 1
87 29 1 4
69 70 3 2
56 67 2 1
31 29 5 3
8 50 3 3
25 35 2 3
64 17 4 1
60 14 5 2
43 63 5 4
13 80 1 2
21 35 4 5
19 99 4 1
81 20 2 3
47 12 3 5
18 71 5 4
32 7 1 3
15 31 5 4
13 6 4 3
10 75 4 5
52 3 4 4
51 71 2 3
41 82 1 3
1 55 5 5
39 7 1 2
54 30 1 3
36 6 5 4
16 73 3 3
65 51 5 4
72 99 5 5
99 13 3 5
72 36 3 3
50 95 4 2
44 75 2 5
90 72 4 3
25 62 1 1
30 26 4 5
26 65 1 4
59 38 1 1
29 11 4 2
15 4 2 5
3 34 4 5
91 67 4 3
49 20 1 1
83 96 1 4
56 75 1 3
76 90 4 2
43 8 5 3
56 54 3 1
3 29 4 3
73 21 2 1
44 71 1 3
86 68 3 3
38 54 2 1
39 28 5 1
8 92 5 1
54 88 2 3
34 47 2 1
32 52 1 3
99 96 4 3
73 59 1 5
16 51 5 4
40 56 5 4
71 62 5 2
3 85 2 1
85 44 2 2
44 38 3 1
26 51 4 5
1 59 2 3
12 30 1 5
43 24 1 1
56 46 4 1
68 33 2 5
12 13 3 2
79 4 4 1
56 88 4 2
43 91 2 4
20 5 5 1
86 87 2 2
26 73 4 4
91 70 5 1
99 20 5 4
79 29 2 1
51 52 2 1
37 46 2 5
86 42 5 4
56 33 5 2
3 55 5 1
92 60 2 4
94 12 1 2
92 40 4 3
13 76 2 3
27 83 3 1
90 62 4 1
19 34 4 4
71 54 4 4
73 3 1 2
70 16 3 2
19 12 5 1
71 90 2 4
44 58 5 5
24 49 1 4
68 46 2 2
34 91 1 4
91 47 3 1
19 72 3 4
83 49 4 1
2 71 5 1
27 36 82441 89005
55 76 3 4
7 20 2 4
54 44 1 3
2 6 2 1
37 74 4 4
3 80 2 2
1 22 2 1
49 59 1 5
80 85 2 2
31 97 1 4
73 17 4 5
4 100 4 4
56 72 3 4
84 6 3 3
17 88 2 5
40 86 5 1
48 35 4 4
65 100 2 2
63 59 3 2
72 50 5 5
72 33 1 5
95 75 3 5
29 26 1 4
97 48 2 5
82 80 1 5
37 91 87975 89292
27 91 2 5
81 22 1 2
59 68 3 3
93 4 1 2
49 87 4 5
46 49 3 2
84 11 1 1
11 27 1 1
83 73 85837 89846
95 92 5 1
54 97 5 4
60 33 4 2
49 51 3 2
85 17 1 5
85 45 3 4
17 63 5 1
15 100 4 4
60 45 2 4
72 76 5 4
57 90 2 5
69 54 2 4
68 56 4 4
21 72 5 3
82 98 3 4
23 71 4 3
32 26 4 3
56 26 2 2
54 10 3 5
13 95 3 4
94 79 5 5
1 65 1 1
40 21 3 5
64 86 5 3
94 48 4 1
29 78 4 4
60 84 2 2
11 66 5 2
6 22 1 1
98 64 1 3
30 63 1 3
57 79 3 4
95 87 2 1
79 96 4 1
92 61 4 3
32 82 2 3
6 15 5 1
50 43 5 3
15 72 2 2
25 19 1 4
69 56 2 4
45 88 2 4
80 67 5 3
27 69 3 4
78 51 5 4
94 22 3 5
73 46 5 5
82 87 3 3
38 58 4 1
42 93 1 5
77 54 3 2
58 10 3 5
21 88 5 2
44 88 2 1
39 88 2 2
55 74 5 1
43 30 2 4
21 7 1 4
59 17 5 4
89 21 5 2
50 81 4 1
88 41 4 4
13 91 2 5
10 20 4 5
17 38 1 1
100 32 3 1
77 95 2 5
59 74 4 3
98 75 5 1
96 79 4 5
83 72 1 3
22 10 1 4
86 70 5 4
47 72 3 5
26 23 5 5
96 94 2 2
55 1 1 3
71 60 1 4
67 76 1 4
20 70 1 5
64 67 3 5
22 44 2 3
24 36 1 2
33 20 3 2
4 98 1 4
93 83 2 5
94 45 4 1
4 41 3 5
14 85 1 1
1 86 2 5
39 13 5 4
86 88 2 3
82 100 2 4
24 63 1 4
24 8 4 5
79 26 2 3
97 18 4 2
12 8 5 5
13 81 1 3
24 10 3 4
29 14 5 1
62 88 1 5
19 33 1 3
39 23 2 4
49 70 4 4
78 27 5 1
93 94 5 3
85 25 3 4
21 6 5 3
72 64 1 3
97 98 2 5
82 78 2 5
44 50 2 4
58 72 1 5
97 25 4 5
39 73 4 1
98 14 3 1
92 50 1 3
70 63 1 2
31 44 4 5
36 95 5 1
3 34 89066 85570
48 58 3 3
72 12 4 2
78 3 2 4
100 9 2 4
33 13 1 5
36 28 2 1
29 94 4 3
17 98 4 1
35 8 4 1
45 3 4 1
34 51 2 3
66 72 2 5
42 72 1 4
98 37 2 2
86 56 4 4
34 4 4 1
70 88 1 2
50 78 4 5
78 58 5 1
34 70 4 3
98 39 1 3
9 78 3 4
94 15 2 3
81 23 2 2
46 45 4 4
97 66 1 5
21 89 2 2
74 80 5 2
55 24 3 1
9 63 4 1
10 35 3 1
65 76 1 4
77 47 5 5
39 52 1 5
66 44 5 4
35 61 4 3
39 84 1 5
21 59 2 3
89 69 3 4
89 63 5 3
65 93 5 5
80 10 2 1
21 80 5 5
93 55 3 2
68 56 1 5
36 38 3 2
91 98 5 2
62 68 3 5
54 58 1 4
23 9 5 3
84 26 5 3
53 80 4 5
28 48 2 2
22 23 4 5
8 18 2 3
29 98 1 1
76 68 3 2
8 32 3 4
24 47 1 3
29 57 2 5
18 97 5 2
87 46 2 4
47 41 4 5
92 46 1 1
90 15 5 3
88 55 1 3
93 62 1 3
68 65 3 2
22 71 4 5
34 46 1 4
53 70 5 4
34 18 5 2
5 22 4 3
78 91 4 2
57 9 5 5
42 11 5 2
81 33 4 2
23 41 3 4
76 58 4 5
100 41 3 3
5 91 5 4
51 30 3 2
35 16 2 5
28 33 2 5
90 35 1 5
6 68 1 3
86 25 1 3
81 92 1 1
74 62 1 3
29 69 1 4
14 3 2 3
57 17 3 5
43 83 1 2
97 28 2 3
4 88 4 4
13 23 1 1
96 97 5 2
28 51 3 5
10 32 1 5
99 10 3 2
54 72 5 3
38 57 3 3
11 8 4 4
69 28 4 4
71 87 1 2
65 24 4 4
91 42 1 2
55 85 2 1
87 8 4 4
6 31 3 1
89 62 5 3
46 96 1 5
84 30 5 3
76 91 4 5
70 57 2 3
88 83 4 2
74 34 2 2
67 85 4 4
28 3 1 4
22 48 1 5
68 72 1 5
22 25 4 3
68 8 4 3
5 18 5 2
19 51 4 3
28 30 1 5
76 49 4 2
17 93 4 4
7 17 2 3
78 29 1 1
51 30 1 2
38 46 1 3
24 9 4 4
73 52 3 1
97 34 2 1
70 63 5 2
58 26 4 2
32 82 2 5
22 28 5 2
89 88 3 2
32 100 5 3
19 87 2 3
98 35 4 4
43 40 2 5
78 31 3 2
95 6 1 5
32 44 5 5
4 11 1 2
32 50 4 5
84 50 3 2
89 77 1 2
87 94 2 3
18 2 3 5
32 9 1 2
54 47 5 2
11 41 4 5
70 44 3 4
5 66 2 5
7 35 5 5
29 9 4 2
19 60 3 4
25 29 4 2
32 52 3 2
67 15 5 2
34 40 2 1
16 30 5 4
35 54 5 2
3 88 3 3
83 50 5 3
77 15 1 4
64 96 2 3
94 36 2 2
94 10 2 3
94 56 4 1
62 12 4 5
53 17 5 3
19 80 4 4
17 22 1 1
22 80 4 3
94 75 4 3
9 57 2 4
5 31 4 3
94 44 2 3
99 44 1 5
12 25 2 2
83 47 2 4
1 47 2 5
39 30 2 5
71 65 2 3
7 15 5 2
17 79 1 4
8 24 4 4
63 6 4 4
16 19 3 5
80 85 1 4
57 87 2 1
75 41 5 1
72 28 3 5
38 19 1 1
71 98 5 1
53 38 1 1
27 82 5 2
15 45 2 3
41 9 3 3
1 37 1 4
11 88 4 1
6 39 4 2
65 96 5 1
70 57 4 3
91 40 5 3
88 31 2 2
15 43 5 1
13 87 2 1
40 92 4 3
15 63 1 3
54 66 2 1
43 32 5 3
55 49 1 4
73 23 2 5
20 61 5 2
99 53 1 5
18 23 5 5
75 39 4 5
85 20 2 5
31 85 5 4
31 78 4 1
72 31 1 3
51 23 5 3
65 49 3 1
5 78 3 2
4 59 5 4
89 28 4 5
62 61 5 1
73 27 87607 85852
40 4 5 5
24 100 4 4
89 97 3 5
43 60 4 2
9 83 4 3
69 26 1 1
90 66 5 5
49 54 3 5
77 80 5 1
42 95 2 3
92 27 3 4
64 95 5 1
80 65 4 3
30 53 4 4
76 19 4 5
44 52 5 3
49 96 1 1
92 57 2 5
87 93 4 4
81 32 2 3
60 53 1 5
71 88 4 2
80 88 2 4
43 21 3 5
17 93 4 1
96 51 2 3
67 74 2 1
50 76 1 4
30 24 2 5
100 15 1 2
79 46 4 3
99 87 4 5
31 57 4 3
28 79 4 3
39 35 1 5
4 65 2 4
73 34 5 4
77 12 5 2
56 6 5 2
78 100 4 3
28 61 2 4
74 52 3 2
30 53 2 2
31 29 2 3
40 43 4 2
74 37 3 4
33 87 5 1
46 90 4 3
96 57 2 3
91 97 5 5
9 63 3 4
37 77 3 4
15 66 1 1
11 70 1 2
20 28 5 4
98 65 2 3
46 50 2 5
28 97 3 3
26 14 3 4
93 57 2 2
53 42 5 1
88 50 4 3
27 87 2 2
58 38 4 3
90 2 2 3
67 12 2 4
35 52 3 4
98 36 3 2
63 26 2 2
41 82 4 3
46 53 1 1
9 55 5 5
7 82 5 3
63 41 4 3
100 14 2 1
70 69 3 5
86 16 5 2
14 71 2 5
42 64 4 5
9 39 4 3
21 9 1 5
89 14 5 2
94 13 5 2
34 94 2 1
16 63 4 1
33 43 2 2
66 6 3 5
26 99 3 3
70 22 5 3
67 5 4 4
42 78 5 3
44 19 4 4
15 99 1 1
64 17 1 1
1 55 1 4
98 90 4 2
61 94 1 3
84 5 3 1
50 98 3 4
55 15 4 4
79 95 2 5
2 79 4 2
75 55 1 1
38 41 3 3
45 48 4 2
96 20 3 3
86 69 1 4
19 36 3 1
46 91 1 1
65 7 4 1
55 91 2 2
73 24 2 4
64 32 2 4
45 57 1 3
5 55 2 4
87 38 4 4
51 49 1 5
32 69 5 5
61 45 5 2
56 55 4 3
88 73 3 5
76 39 3 5
81 67 4 5
53 6 2 5
56 13 3 1
87 93 4 4
36 99 2 2
78 93 2 1
38 62 4 4
78 85 5 1
44 73 3 2
65 5 2 4
15 27 4 1
2 87 3 1
90 53 2 5
39 62 2 4
57 25 5 1
38 61 1 1
23 2 2 5
39 50 3 1
33 93 1 4
99 68 3 3
88 86 2 1
32 43 4 2
62 100 4 3
55 88 5 5
72 9 4 3
70 17 2 5
93 75 1 3
70 55 2 4
86 91 3 3
71 61 3 1
12 31 3 5
47 88 5 5
13 34 1 4
74 93 3 4
2 94 1 1
26 23 4 5
19 3 3 2
43 35 5 5
36 82 3 1
42 74 1 5
10 67 1 5
32 79 4 2
57 96 1 2
89 22 2 4
44 21 1 5
58 87 2 1
39 48 3 3
43 46 2 1
78 6 5 5
72 12 4 5
14 36 3 3
62 10 4 3
65 94 3 1
74 1 4 5
48 46 4 2
32 55 5 5
10 28 2 2
73 26 5 5
22 72 2 5
44 24 3 4
35 95 1 5
44 100 5 1
47 67 4 2
77 68 3 4
31 47 5 3
54 32 3 3
81 55 2 2
8 88 5 4
59 46 1 2
27 86 1 5
62 78 4 2
37 92 1 3
81 7 3 3
96 55 4 1
86 73 4 1
46 1 4 2
38 47 5 1
7 39 2 3
65 12 4 5
46 77 5 2
96 71 2 5
37 81 1 1
82 69 5 4
35 52 1 2
53 82 2 1
12 33 2 2
23 95 2 3
15 85 1 4
53 56 3 1
99 82 1 2
100 37 1 4
6 75 5 5
95 99 1 3
58 83 5 1
98 86 2 5
29 47 4 1
25 68 4 5
47 61 4 4
26 82 3 4
88 77 1 2
54 47 4 3
39 48 5 2
47 67 4 4
89 22 5 2
89 64 3 1
69 75 2 5
55 4 3 3
1 67 1 3
95 87 4 3
55 85 5 5
82 10 5 1
80 91 1 1
40 21 3 4
60 100 1 3
59 95 1 5
76 16 2 5
18 84 4 1
32 3 4 5
67 55 3 3
96 18 5 5
83 74 2 3
53 90 3 1
54 34 3 4
79 57 2 1
74 9 3 4
2 67 2 2
27 14 2 3
73 45 3 1
66 68 3 4
81 60 4 2
86 70 4 1
2 79 4 3
75 36 87080 89645
34 30 2 3
97 82 4 3
94 38 4 3
85 50 3 3
63 91 3 3
83 93 4 3
67 54 1 2
2 52 3 2
57 21 4 5
33 18 4 2
9 40 3 3
10 15 4 2
46 21 3 2
53 25 5 5
56 79 1 2
93 10 5 2
91 70 1 1
27 67 2 1
62 76 2 2
10 100 3 2
1 50 5 4
34 22 1 4
18 72 3 5
12 39 1 1
30 51 5 1
49 13 2 1
20 47 5 5
33 7 3 2
40 65 3 1
2 90 1 3
59 72 5 4
98 47 4 3
86 56 3 1
57 65 3 2
10 39 2 5
92 72 4 4
87 13 4 3
32 45 1 4
21 37 5 5
88 40 3 2
10 85 4 5
18 29 3 2
84 55 2 5
98 78 4 2
97 88 5 3
54 1 3 3
54 73 3 3
85 68 2 4
10 66 1 4
96 60 3 4
39 93 2 4
38 68 2 2
74 35 2 2
62 99 4 5
47 58 2 2
79 16 2 3
1 70 3 5
74 65 2 3
61 9 3 2
52 2 2 3
88 19 2 4
8 84 2 5
23 48 1 1
23 49 5 1
8 77 2 2
9 14 5 1
58 20 2 1
65 62 3 3
27 68 3 2
96 6 3 3
64 66 3 5
13 95 3 5
14 94 5 2
8 11 5 3
90 96 4 1
27 35 2 5
85 55 5 3
3 31 4 2
87 78 1 3
90 46 4 4
23 83 4 4
36 59 3 5
44 58 1 1
31 16 1 1
23 97 1 5
24 73 4 5
42 76 5 3
74 86 2 3
43 78 3 4
76 69 1 4
62 82 3 5
30 81 5 4
83 82 3 4
23 96 3 1
13 86 4 3
71 20 5 1
61 66 2 4
79 18 2 2
84 81 1 1
25 50 3 1
79 11 5 4
54 62 1 4
29 52 1 4
33 50 2 2
95 51 3 2
30 57 4 2
29 72 5 5
65 35 2 3
9 41 5 1
95 76 1 5
37 61 1 4
65 2 3 3
69 72 4 5
71 22 2 5
91 55 3 5
73 53 3 3
69 93 2 5
83 60 1 4
7 32 4 4
6 43 1 3
5 69 1 3
77 39 2 1
7 21 1 1
79 6 2 5
33 66 2 3
70 36 5 1
64 39 1 2
31 93 4 5
72 78 1 1
3 20 5 5
13 93 5 5
1 44 3 4
69 82 3 1
59 79 5 3
56 75 5 2
46 76 5 4
54 41 2 1
49 45 3 5
27 48 5 1
98 58 4 3
77 82 5 4
55 23 1 3
49 63 5 5
98 69 3 5
79 66 5 2
71 3 1 2
2 53 4 5
6 1 2 5
68 8 4 4
62 12 1 2
81 35 2 2
39 67 3 5
15 2 5 5
77 17 1 3
25 4 5 4
27 86 2 1
70 31 2 1
32 54 5 5
5 74 1 3
16 45 3 4
91 76 1 1
3 77 4 4
21 67 1 4
33 75 2 2
19 92 1 1
66 9 5 1
23 80 3 3
99 23 1 2
68 79 5 4
86 7 4 1
16 98 1 4
62 9 3 5
99 8 2 2
85 29 4 2
74 47 2 4
30 31 5 2
11 18 5 2
8 26 3 2
24 52 2 5
60 11 5 2
69 15 3 2
50 13 1 2
36 6 1 1
21 93 2 2
53 71 4 1
74 52 5 5
36 55 1 1
39 4 2 2
46 88 4 4
66 80 5 1
33 5 1 1
5 53 4 1
40 6 2 2
71 16 1 3
57 95 1 2
53 94 2 4
47 88 1 3
53 78 3 1
26 74 5 4
42 16 4 2
59 76 5 4
27 2 2 3
24 67 4 1
33 69 2 4
40 51 1 5
61 14 1 4
18 65 1 2
43 89 2 4
2 96 2 3
67 91 4 5
35 30 2 2
8 4 4 4
53 58 2 2
33 52 3 5
58 5 1 4
66 93 4 2
70 80 3 1
25 16 1 2
4 50 2 2
8 36 2 5
27 31 4 1
21 30 89843 89304
41 68 2 5
75 85 4 3
15 43 3 1
91 43 1 3
36 92 5 4
14 71 4 3
29 32 2 5
29 28 4 3
26 93 2 5
70 94 1 5
14 48 1 5
9 100 3 1
10 82 1 5
45 72 2 1
93 100 3 1
15 80 1 2
94 38 1 1
98 48 5 5
37 93 3 2
11 71 2 2
39 52 5 4
73 80 5 3
75 50 4 5
86 45 2 2
61 79 3 3
89 47 3 2
32 1 5 3
20 69 5 4
58 28 1 2
73 35 1 5
48 35 2 4
21 69 4 2
88 63 5 4
3 29 5 4
34 90 3 3
79 50 2 3
57 44 1 1
11 49 2 4
77 8 3 3
24 79 4 1
81 78 4 4
74 69 3 3
90 74 2 1
62 3 3 4
41 87 1 5
9 13 1 5
72 56 3 1
54 15 4 1
37 62 4 2
81 71 2 2
39 15 5 4
42 30 5 2
29 16 4 1
33 46 3 2
17 40 2 3
62 95 4 5
60 43 5 1
19 22 5 5
57 88 4 5
8 78 3 5
88 15 3 1
8 33 3 4
63 23 1 4
16 22 5 5
28 54 5 4
10 52 3 5
20 86 2 2
38 27 3 1
79 54 1 2
81 98 4 2
1 94 5 1
90 52 4 5
90 81 4 5
89 63 4 2
21 38 1 3
60 50 2 1
66 13 5 1
19 20 4 2
21 17 5 2
70 87 2 3
89 10 3 4
85 30 3 3
60 49 4 1
65 4 4 3
40 53 3 1
89 59 3 2
90 73 3 2
31 63 4 5
31 62 5 4
18 49 4 5
17 34 1 2
56 88 1 3
5 27 3 4
7 41 2 4
96 32 4 4
13 43 3 2
73 44 4 1
82 10 5 4
75 87 3 1
67 64 2 2
25 46 88537 84774
78 23 5 1
68 63 2 2
94 9 5 4
56 74 5 2
56 25 1 3
21 98 2 3
15 95 3 5
89 73 1 5
72 65 4 3
22 65 1 5
37 40 4 5
54 94 4 4
54 19 2 5
27 24 2 2
83 52 3 5
33 9 3 3
52 61 2 5
99 87 1 5
53 10 3 2
7 55 3 3
59 33 2 5
24 53 3 1
25 84 3 4
12 41 2 5
27 13 3 4
97 22 2 3
36 51 2 2
36 2 2 1
88 54 2 4
100 43 2 2
97 3 89478 86755
65 50 5 4
45 22 4 5
26 47 3 2
66 95 5 5
56 95 5 4
75 34 4 2
58 32 5 3
42 73 4 3
96 84 5 4
34 71 3 4
88 19 1 1
98 57 3 4
15 28 88017 88726
93 20 4 1
93 28 5 2
99 30 4 4
66 30 3 2
8 87 4 1
48 20 1 1
62 45 1 1
57 45 3 1
93 25 3 2
22 58 5 4
19 32 2 4
67 88 1 2
86 12 3 2
77 96 4 1
24 16 1 1
56 59 5 5
36 54 3 2
8 61 3 2
21 20 2 5
95 56 1 2
100 29 4 5
33 100 3 4
66 24 2 3
63 31 1 2
45 53 5 5
79 39 5 4
69 98 5 2
37 32 3 4
85 11 3 2
67 54 3 2
12 21 3 5
57 55 3 2
98 87 1 1
66 34 3 4
58 53 1 5
92 2 3 4
94 91 3 1
73 94 3 5
36 10 89048 87458
5 80 2 5
33 56 2 5
35 81 4 5
64 7 5 3
62 13 1 4
70 28 2 4
18 94 4 3
88 7 1 3
8 39 5 4
8 42 1 2
1 94 4 2
2 99 2 1
24 62 5 3
92 27 2 2
27 97 2 5
81 42 4 5
65 5 2 4
24 90 1 4
35 20 5 1
19 61 3 1
15 34 3 3
43 20 4 2
54 47 3 2
90 43 4 3
23 3 3 1
97 77 2 4
70 75 3 4
55 14 4 4
83 86 5 4
44 19 3 3
70 4 4 5
15 12 2 4
4 7 1 4
23 31 2 2
72 13 1 3
73 83 4 3
60 44 3 2
32 60 1 4
32 41 5 2
71 33 2 5
39 54 5 5
13 29 4 5
10 34 89072 89374
29 61 1 1
30 87 3 5
63 17 1 1
97 51 3 2
4 67 1 3
72 34 4 1
7 39 1 2
39 60 3 4
3 6 1 4
84 36 1 2
8 36 1 5
5 38 2 3
37 60 1 5
17 41 4 2
88 73 2 2
36 28 5 3
32 84 2 2
38 2 5 1
69 25 1 4
67 78 4 2
85 32 3 5
64 16 3 4
75 55 2 5
17 51 2 3
84 6 4 4
79 48 3 3
53 49 5 3
27 42 2 1
76 40 3 3
49 59 2 1
36 55 5 5
13 95 5 4
79 67 2 2
36 47 5 3
9 3 3 3
34 28 2 1
34 66 4 2
77 90 5 2
27 23 4 1
37 38 4 2
86 44 5 3
97 32 1 4
20 43 1 2
87 75 2 4
36 35 4 4
39 17 5 3
33 16 5 2
7 53 89896 88913
57 90 5 2
64 47 4 4
15 73 2 4
87 45 2 1
39 57 5 3
31 12 4 3
18 49 5 2
28 49 4 3
37 75 1 2
13 49 2 4
4 49 2 1
22 35 2 5
47 82 2 3
7 80 4 4
37 49 2 2
51 8 1 4
3 12 5 1
25 24 4 1
18 25 2 3
44 11 3 3
34 14 5 1
21 15 3 5
12 96 5 5
45 1 2 4
13 11 3 4
95 16 5 5
77 70 5 3
42 22 2 4
29 5 1 2
20 45 1 2
91 12 5 2
58 19 1 1
16 12 3 4
99 38 4 4
92 29 2 1
77 24 5 5
79 26 2 4
97 87 4 2
87 12 2 1
84 7 2 4
66 68 4 1
79 38 5 2
59 62 5 5
65 38 4 4
92 26 1 4
55 26 5 3
69 17 3 4
27 8 5 2
77 72 5 3
43 53 5 1
62 78 2 1
27 57 2 1
56 25 1 3
87 61 1 2
90 47 3 2
15 11 4 5
68 99 4 4
59 92 5 3
31 15 4 2
82 69 5 5
16 63 1 3
89 22 3 4
99 46 4 3
38 47 3 4
47 79 4 1
51 93 1 4
57 9 2 4
31 29 1 3
22 16 1 3
85 100 5 2
91 76 3 2
85 70 5 2
21 5 5 3
22 83 2 2
58 97 1 5
19 23 3 4
62 81 3 3
60 79 5 3
40 57 4 3
24 8 2 4
20 55 3 2
8 64 4 3
46 73 3 4
22 94 3 3
95 77 3 2
38 42 4 2
90 44 4 3
58 43 3 1
49 25 1 3
7 80 1 4
30 93 3 4
81 12 5 3
5 71 5 2
100 59 4 4
11 4 5 3
94 8 2 1
50 3 1 3
75 80 2 1
66 52 1 4
60 73 1 4
76 57 5 3
87 79 5 3
25 49 3 5
43 84 4 1
96 23 1 4
79 62 3 5
46 21 5 1
45 85 4 2
63 64 4 4
6 7 5 3
81 50 4 5
65 20 4 5
54 94 3 3
14 78 1 2
58 64 5 2
77 8 3 4
80 23 2 4
25 34 4 3
57 89 2 4
49 21 3 5
99 9 5 2
53 16 5 4
40 71 2 1
54 80 1 1
30 18 2 4
32 93 3 3
81 15 2 2
16 43 4 4
27 60 2 5
77 100 3 2
33 18 2 5
58 8 5 2
14 17 3 1
58 79 5 3
70 63 1 3
97 42 4 4
12 31 1 4
33 87 4 5
17 59 2 1
78 35 5 5
56 36 4 2
11 20 1 3
58 84 4 5
75 8 2 5
5 81 5 3
96 77 4 5
51 20 3 2
95 90 3 5
56 21 2 3
95 35 4 2
47 12 1 1
73 78 3 2
22 47 5 1
83 34 2 5
34 42 2 2
47 74 3 5
52 30 4 5
18 31 4 4
47 26 2 3
88 22 3 4
1 49 2 2
94 14 4 4
22 48 4 1
73 92 1 5
27 100 5 5
90 53 2 2
64 93 89486 86415
23 61 3 1
45 100 3 3
30 56 2 3
29 33 2 2
10 16 4 1
95 86 1 4
81 96 5 3
50 93 5 4
36 83 4 2
93 97 3 2
88 51 5 5
38 77 3 3
25 61 5 3
50 38 4 1
89 97 3 5
51 84 1 3
64 85 3 3
95 61 1 3
67 94 2 2
9 50 2 4
86 58 5 3
47 95 2 1
22 2 5 5
66 90 3 4
95 12 5 3
7 96 2 3
16 1 5 1
43 46 5 1
43 89 2 1
24 93 3 1
78 93 2 2
47 87 4 4
38 61 4 3
4 23 1 4
64 73 4 5
22 30 3 1
85 77 4 2
39 59 5 1
17 54 1 5
36 34 4 4
53 37 2 2
70 75 2 3
18 41 2 1
45 82 3 3
22 43 1 2
52 94 3 1
57 70 1 4
37 34 2 3
95 55 2 2
15 91 4 5
17 37 1 4
86 80 2 3
5 32 5 2
31 60 2 1
4 67 2 4
23 87 4 4
76 38 3 2
12 7 4 3
36 96 5 2
56 63 1 4
73 33 3 5
79 31 3 4
1 79 4 2
49 69 5 2
31 36 5 4
8 70 5 3
81 1 4 1
70 61 3 5
94 26 2 1
94 37 2 4
42 45 1 2
61 60 5 1
11 41 1 3
3 26 5 4
44 12 5 5
47 70 2 3
85 58 3 3
88 27 4 2
63 59 4 2
29 13 1 1
100 3 5 2
42 65 3 3
89 23 3 1
81 76 5 5
79 65 4 5
69 61 4 1
99 59 1 2
20 7 4 1
35 43 4 4
63 36 3 2
82 18 1 5
48 96 3 4
49 41 3 2
41 17 2 2
65 7 4 2
39 35 4 5
78 94 1 3
39 27 1 3
54 31 5 3
78 57 2 2
2 10 5 2
48 47 5 3
68 69 5 2
84 67 4 3
51 86 1 1
3 66 4 3
65 3 3 4
2 22 5 4
9 88 3 1
14 79 4 3
42 100 1 5
45 29 5 5
16 37 4 2
68 65 5 1
35 63 3 4
36 92 5 4
66 11 2 5
100 80 3 4
65 74 4 3
66 64 1 1
65 22 1 4
30 13 1 4
49 3 3 4
13 16 5 3
99 50 4 3
68 1 3 3
62 31 2 3
94 43 2 4
7 85 3 3
87 91 3 3
70 66 5 2
8 62 4 2
47 36 5 4
59 12 1 3
51 66 2 2
71 22 3 1
5 17 4 1
12 17 3 1
41 82 2 2
65 51 1 2
45 11 5 5
5 4 4 3
94 91 3 2
63 87 5 4
22 51 2 2
19 60 2 5
97 43 5 5
57 29 4 4
53 3 2 2
42 44 2 5
25 62 5 4
62 36 3 5
38 70 5 4
97 5 2 2
91 87 1 4
19 9 1 1
58 41 4 3
49 83 2 5
58 84 4 3
41 79 3 1
91 24 2 2
96 36 3 2
62 22 5 2
45 72 5 5
64 21 2 2
22 45 2 2
72 87 4 5
31 65 3 5
54 63 5 2
95 6 2 1
83 18 3 5
9 13 4 4
78 16 2 3
58 29 3 3
84 36 3 3
18 37 1 2
68 32 3 2
44 61 2 3
18 66 4 4
62 16 2 5
98 85 5 5
89 27 1 4
83 82 2 1
33 10 5 5
5 84 1 4
77 71 2 5
64 88 1 4
100 29 3 4
92 50 3 2
49 30 1 2
18 90 1 4
56 7 1 1
72 62 3 2
11 39 5 5
41 54 2 5
42 44 2 1
21 44 2 5
11 88 4 3
56 10 5 3
41 15 1 1
52 91 4 3
35 77 1 1
74 85 2 2
13 89 3 4
26 32 2 3
34 18 1 2
44 28 3 1
25 13 1 4
20 36 5 3
95 47 2 1
10 1 3 1
17 76 87142 85150
76 62 2 1
70 91 1 4
51 57 4 3
10 68 5 3
77 70 4 2
5 13 5 4
65 67 2 2
46 18 3 4
91 67 1 3
55 29 5 1
53 41 5 5
75 47 3 1
67 18 3 5
54 58 4 5
76 50 2 4
36 28 5 2
35 61 2 3
100 30 4 5
65 69 3 1
48 5 3 4
56 31 4 5
27 17 1 4
18 39 5 5
72 89 1 5
13 20 5 1
93 48 1 4
23 73 5 4
89 74 1 5
21 63 3 3
28 88 3 3
44 43 2 3
29 76 2 3
48 24 3 2
27 20 4 4
41 68 5 1
75 31 1 5
96 77 3 2
52 75 3 1
11 45 5 2
10 79 5 5
40 31 5 2
62 29 1 1
54 62 1 2
83 29 4 2
6 19 1 5
19 82 3 2
91 40 1 4
91 83 4 5
35 91 3 1
42 64 1 2
47 8 1 4
67 8 4 3
25 42 3 3
10 25 3 3
97 31 1 1
29 84 2 5
96 42 2 3
79 24 4 5
83 4 2 2
21 70 5 5
34 49 2 3
16 54 3 5
22 36 3 4
15 62 1 5
18 66 3 4
56 80 4 2
45 43 4 2
90 85 3 3
21 85 3 5
20 50 2 4
17 14 3 3
62 14 4 1
64 59 2 5
24 77 5 3
78 36 3 3
76 73 1 3
37 100 2 1
16 18 1 2
26 16 4 3
2 61 5 5
82 17 3 3
57 34 5 2
29 95 1 2
40 24 1 3
94 51 4 5
20 14 3 5
93 38 5 5
38 46 1 2
93 26 3 2
49 82 5 5
99 17 88452 87949
74 99 4 3
79 66 2 2
70 75 87285 88009
97 20 4 4
21 65 2 5
30 80 4 4
55 31 4 3
3 18 2 1
79 52 88584 89685
33 35 5 2
3 20 5 1
80 26 4 4
83 29 5 1
55 34 4 3
97 22 2 3
57 97 3 2
46 97 3 2
88 73 2 5
34 72 3 2
22 89 5 2
82 74 2 2
82 52 2 2
35 23 2 4
80 69 1 5
82 41 5 2
65 7 5 5
62 19 3 4
25 64 2 3
28 44 5 3
48 73 5 1
98 27 5 1
7 31 5 3
28 45 4 1
65 23 5 2
80 72 3 3
69 37 5 4
85 51 1 2
79 31 4 5
40 28 3 2
15 82 4 4
69 48 2 2
28 31 1 1
80 3 4 3
36 32 4 5
29 79 4 5
10 24 1 5
21 4 4 4
79 12 5 3
29 22 5 5
9 13 4 3
69 97 3 4
24 75 2 3
66 29 5 1
70 99 5 3
76 84 3 4
12 48 4 3
64 65 3 2
27 15 2 3
51 97 2 5
36 69 5 4
48 56 4 2
51 58 2 1
48 20 1 2
96 37 1 4
54 8 3 2
53 96 3 1
88 39 4 4
9 78 4 4
46 80 5 3
24 84 5 3
87 62 2 4
98 16 1 1
65 96 2 2
9 95 5 4
84 56 5 4
21 84 5 2
77 48 3 3
36 52 1 2
52 100 4 3
24 74 4 4
51 70 5 5
71 7 5 1
11 41 2 5
9 46 2 1
18 99 4 4
27 29 4 5
56 12 4 2
46 35 4 5
81 82 4 3
67 30 3 2
80 45 4 4
17 95 2 1
91 82 4 5
52 51 5 4
89 43 3 4
10 31 1 2
95 26 5 3
16 79 2 2
44 31 4 5
90 72 89690 88159
11 4 3 4
78 63 1 5
70 84 4 3
77 43 5 2
66 100 2 1
82 98 1 2
35 16 3 3
22 6 5 1
45 63 3 1
69 27 5 4
90 85 5 3
62 78 2 1
48 6 2 1
92 33 4 5
59 10 2 3
92 8 5 2
80 30 4 1
12 50 4 5
56 19 5 2
68 58 3 1
81 28 2 4
46 63 2 5
56 84 1 1
89 85 5 4
42 21 2 2
25 77 5 4
87 30 1 3
38 65 5 5
86 45 2 4
14 48 2 2
12 34 1 3
2 48 1 5
61 2 2 2
80 76 4 1
56 13 88861 80688
88 51 4 4
63 25 1 2
30 32 1 1
97 46 87948 89585
27 81 1 3
79 2 5 1
78 2 4 5
74 34 2 4
43 27 4 3
59 70 2 2
55 29 1 3
45 78 2 1
26 69 5 4
16 58 1 1
35 79 5 1
71 41 2 2
95 56 2 3
68 53 2 1
23 75 1 4
64 80 5 3
93 51 1 1
77 100 3 3
25 63 3 4
22 56 2 2
69 1 3 4
29 97 3 4
64 30 1 5
75 94 2 2
40 36 1 4
73 75 4 2
3 73 2 2
34 89 3 2
92 44 3 4
79 36 2 4
79 9 1 3
52 59 5 3
100 90 3 4
97 5 1 5
32 21 4 5
75 100 4 3
48 53 5 3
43 92 5 5
91 21 1 2
12 30 1 4
68 94 5 5
60 55 2 2
81 60 3 4
75 54 1 4
83 49 4 4
54 94 4 1
46 62 3 5
22 65 5 5
52 81 2 5
62 74 2 4
48 54 4 5
53 68 2 3
45 96 4 1
82 63 1 2
68 58 5 4
73 60 3 1
84 69 4 2
20 86 3 1
30 18 5 4
57 81 4 1
24 64 1 1
44 5 5 1
9 40 4 2
25 41 2 2
73 38 4 3
48 71 3 3
71 74 1 5
39 54 1 4
61 15 3 5
30 3 3 3
45 40 4 5
13 73 4 3
7 30 4 3
5 73 1 2
92 87 1 1
6 58 5 1
83 6 5 3
99 17 3 3
89 1 3 3
32 12 4 3
75 17 2 2
6 46 2 2
32 85 5 2
94 93 1 3
29 58 1 5
21 7 1 1
98 31 5 3
21 12 1 5
11 13 1 5
31 18 4 2
16 36 3 5
99 52 5 4
80 37 4 4
21 56 5 5
82 17 2 3
17 82 2 2
12 90 5 5
10 41 5 5
83 34 3 4
95 89 3 3
47 92 1 3
82 36 5 4
96 72 4 5
23 61 3 2
91 49 2 4
52 5 1 1
78 14 3 5
20 98 1 1
16 5 4 3
86 4 5 5
44 19 4 1
71 94 1 2
76 44 5 2
76 49 1 3
5 86 5 5
28 31 3 5
17 51 3 3
70 74 2 2
49 69 1 1
51 17 2 2
13 12 1 1
63 60 2 2
83 17 4 5
36 22 2 4
29 21 5 4
22 29 3 4
45 34 2 5
87 93 2 2
18 86 2 4
47 57 2 2
80 31 4 3
84 13 4 1
5 71 4 5
69 85 1 3
31 3 1 5
16 18 1 5
28 39 3 2
13 21 3 5
73 19 3 5
20 66 4 3
9 85 5 4
18 3 1 5
81 86 4 2
38 23 3 3
27 87 2 2
46 93 3 5
54 40 2 1
44 83 2 3
40 10 5 4
33 36 1 4
98 66 5 5
61 91 3 2
85 4 3 2
4 45 2 5
26 1 1 4
57 18 2 2
74 17 3 4
22 38 2 5
24 88 2 2
34 70 4 1
30 38 1 3
52 42 3 1
25 99 5 1
31 55 1 3
68 38 1 3
66 75 2 5
82 75 2 4
8 23 1 3
23 46 4 5
43 21 2 3
36 66 4 1
76 33 2 1
13 93 1 1
36 85 5 3
92 37 1 3
9 94 5 4
85 33 5 4
47 15 1 2
18 97 2 1
26 79 4 1
29 96 5 3
4 74 2 5
36 77 4 3
66 92 1 1
64 21 1 3
55 65 3 4
38 99 1 1
11 69 1 5
15 43 1 4
25 79 2 3
54 3 1 3
89 91 2 2
69 7 5 1
9 62 3 4
39 9 5 5
55 52 3 5
11 48 2 1
94 58 3 3
32 52 2 4
19 40 5 3
63 29 2 5
87 78 2 1
75 30 1 1
68 14 2 2
58 91 5 5
50 16 2 5
32 7 3 3
9 88 2 5
3 70 4 2
83 34 4 1
87 41 2 3
15 21 89056 89082
11 17 5 3
62 8 5 1
51 80 2 1
97 63 1 5
4 95 1 2
14 44 4 3
53 66 3 2
46 30 3 1
68 78 1 5
17 57 5 1
9 77 2 1
77 2 1 2
69 28 5 1
17 8 3 4
79 4 1 3
21 27 4 2
38 15 3 5
59 70 4 1
49 11 4 1
70 42 5 4
72 1 3 3
16 62 2 1
14 8 2 4
41 76 3 2
5 29 3 2
66 11 4 4
71 21 5 4
15 41 1 5
26 24 2 2
41 14 4 1
15 76 5 4
27 81 2 5
40 47 5 2
84 26 3 1
87 7 4 1
6 21 4 1
38 27 4 5
16 18 3 4
53 55 5 4
6 38 2 5
8 93 4 2
13 77 2 5
60 97 4 2
95 86 1 3
13 18 1 3
8 11 1 4
87 42 1 5
55 8 3 1
6 46 3 4
60 70 2 2
68 11 3 2
60 57 3 1
71 100 2 5
18 28 2 5
6 61 3 4
47 75 5 3
74 61 5 4
63 39 4 2
84 39 5 4
20 95 5 1
54 47 4 2
2 62 3 2
54 52 4 1
80 61 3 2
37 23 3 4
18 3 4 1
51 7 2 5
90 76 4 1
43 67 1 5
59 68 2 4
33 87 2 5
43 47 2 3
36 15 1 1
5 79 5 1
57 95 3 4
88 6 4 4
37 4 4 3
3 21 1 1
95 6 4 4
65 62 4 3
70 3 4 4
100 18 5 5
26 48 3 4
93 11 89534 88845
23 90 2 1
21 23 3 2
25 29 1 1
83 54 5 4
92 82 2 5
95 51 5 2
81 38 4 5
18 72 1 5
91 22 4 5
17 14 2 5
17 55 1 2
8 18 5 2
97 79 4 2
29 3 1 3
79 66 4 4
65 60 5 3
14 73 5 2
86 12 5 5
51 2 3 5
85 3 2 2
1 95 2 2
77 58 1 4
14 51 1 1
45 64 3 4
45 13 4 4
33 49 2 2
21 20 2 1
21 80 2 1
49 55 1 2
100 84 4 4
47 95 1 5
30 81 2 3
62 25 4 5
83 31 5 2
86 62 3 2
95 30 5 1
66 51 2 2
67 100 2 1
31 73 1 4
16 94 2 3
66 6 5 3
74 3 1 5
78 71 1 1
84 3 1 1
85 20 4 2
6 33 2 2
94 65 1 1
38 6 4 5
77 32 1 3
19 96 5 4
37 40 5 2
78 97 5 1
12 32 5 3
83 44 2 4
17 79 5 4
37 27 4 3
53 7 5 2
35 16 5 5
98 83 5 2
81 80 3 4
75 12 5 4
19 45 2 4
55 76 1 2
88 51 2 3
59 30 1 5
23 11 4 4
33 12 2 2
15 27 4 4
52 81 1 2
91 27 3 2
91 84 1 2
80 69 2 5
52 26 1 4
48 87 2 4
68 80 1 4
72 23 2 3
54 52 4 1
52 20 2 4
94 47 4 2
9 79 5 2
90 73 2 3
57 42 1 3
44 57 1 1
56 67 4 4
34 75 5 4
55 9 1 1
64 75 4 5
63 51 2 5
47 60 2 2
29 96 1 3
73 91 1 1
49 71 1 2
34 58 2 2
48 24 1 5
15 10 1 2
84 56 2 2
38 100 4 2
29 46 1 3
18 81 1 1
49 9 3 5
61 90 3 3
93 68 2 2
63 82 4 2
65 22 5 2
14 8 5 2
28 15 3 4
24 37 4 2
71 47 5 5
43 75 2 5
10 12 4 1
36 56 5 2
84 73 5 3
39 30 2 5
85 46 4 5
58 66 5 3
11 63 4 5
1 97 4 1
95 12 2 4
71 53 2 1
39 47 2 4
11 25 4 4
9 51 3 3
79 10 3 2
94 62 2 4
18 88 4 2
46 43 1 2
74 14 1 1
100 63 2 4
97 80 5 4
27 56 1 5
25 89 2 1
28 52 3 4
2 70 3 3
43 19 4 1
41 16 4 1
97 33 5 4
65 34 1 3
24 16 3 5
53 13 1 2
32 44 5 2
22 39 1 4
13 94 1 3
9 8 4 1
91 1 5 3
37 58 3 4
17 99 4 2
15 63 2 2
18 16 2 5
2 60 5 4
65 96 5 3
68 91 1 1
98 75 3 5
82 70 5 1
51 78 4 5
7 34 2 5
25 95 5 3
85 13 4 1
32 66 3 1
8 16 4 2
16 43 2 1
72 57 5 5
63 30 4 5
41 27 5 2
2 28 3 1
61 29 1 4
84 50 5 5
40 60 3 4
87 22 1 4
95 43 3 4
18 82 3 1
88 46 4 1
28 68 5 4
2 56 4 1
5 15 1 5
87 79 2 3
32 4 5 2
73 10 3 5
24 69 3 5
92 35 4 2
17 98 4 4
1 20 1 5
47 30 1 2
67 81 3 2
80 70 3 3
60 75 5 2
14 21 2 2
45 93 2 3
45 22 5 5
82 70 1 2
31 14 4 4
1 41 4 3
58 54 2 4
90 47 1 2
6 59 1 4
30 65 5 3
59 26 3 2
83 79 1 5
21 97 3 1
72 71 5 3
80 77 4 4
49 90 1 5
14 88 5 4
95 52 3 2
63 27 4 5
49 47 2 5
97 72 4 2
92 34 2 2
65 78 4 1
51 71 5 2
47 74 87541 89601
40 57 1 1
63 50 4 3
49 65 5 1
83 94 2 5
47 98 4 1
58 93 5 5
39 92 3 1
47 84 1 5
24 48 2 4
17 46 3 1
74 44 1 4
91 70 1 1
42 59 1 1
55 75 4 5
100 49 4 3
89 95 2 2
75 68 3 1
30 19 4 5
20 49 2 3
72 69 5 2
38 46 1 3
73 20 3 4
24 60 5 3
30 65 4 5
46 4 4 5
61 28 3 4
84 51 4 4
58 69 3 5
68 3 4 4
32 35 1 2
13 58 3 5
79 18 4 3
70 17 3 5
37 69 3 2
98 47 1 1
30 7 3 2
44 77 4 3
88 5 2 3
70 61 1 4
62 91 4 3
36 87 2 4
12 90 3 5
92 66 5 4
28 29 2 1
11 83 4 3
100 20 2 1
67 62 5 3
46 32 4 3
29 53 1 4
61 9 4 1
79 89 2 4
9 97 5 5
8 58 3 1
12 11 1 4
65 2 1 3
34 27 4 3
61 59 1 4
19 68 5 2
13 66 2 5
13 95 1 2
39 15 5 2
15 55 4 4
65 12 2 1
31 95 2 3
36 65 3 1
64 95 5 4
14 100 2 3
32 46 4 2
78 20 2 1
92 38 4 5
19 53 5 3
6 26 3 3
36 32 1 2
27 99 3 3
87 72 2 4
69 71 3 4
47 33 5 1
19 62 3 4
70 31 2 2
49 83 3 4
51 50 5 4
10 84 4 2
11 38 5 3
40 84 1 3
56 30 4 1
27 54 5 2
95 58 3 3
14 51 1 5
51 35 3 2
37 70 2 4
54 18 3 3
20 69 5 3
95 80 3 4
73 75 1 2
61 95 2 4
17 21 5 3
36 39 2 3
62 1 3 3
1 89 1 4
98 9 2 3
10 44 5 2
77 2 3 4
90 81 3 1
56 74 5 1
53 37 3 5
4 46 5 2
92 91 5 2
38 55 4 2
86 24 2 5
39 91 2 1
31 73 3 4
13 98 3 5
81 50 2 1
69 54 5 2
37 57 5 5
37 43 3 1
10 24 3 5
78 49 3 1
72 81 3 5
100 18 4 4
71 38 2 2
18 72 2 4
2 58 3 5
93 5 5 1
16 22 4 5
58 18 4 2
45 33 1 5
28 48 4 1
71 1 2 4
95 47 3 1
4 100 1 3
72 59 4 5
19 53 1 2
58 16 5 1
88 71 5 2
40 6 1 2
69 24 1 5
12 72 3 4
87 53 4 4
100 8 1 4
100 22 5 1
17 52 3 1
4 43 3 1
45 32 2 3
48 73 1 3
18 12 3 2
2 24 2 1
3 34 2 2
64 75 1 5
58 95 2 3
48 15 1 4
70 21 2 1
78 52 5 4
70 62 2 1
6 20 5 5
83 24 3 2
17 69 5 3
93 73 4 5
31 68 3 1
11 71 1 1
17 18 5 1
40 18 5 3
52 2 2 1
9 40 1 5
44 19 2 3
6 4 1 5
87 12 5 2
11 10 4 2
41 87 3 4
17 28 5 5
87 2 5 4
16 90 2 1
54 9 1 2
44 79 5 4
64 28 5 5
44 75 1 3
12 17 1 3
34 67 1 5
67 38 2 4
10 55 3 1
33 8 2 1
66 30 2 3
43 3 5 1
59 54 5 1
46 17 4 5
24 11 5 3
39 44 1 5
20 15 3 2
98 36 1 5
98 34 1 2
26 75 2 5
39 72 4 1
89 5 1 1
37 74 1 5
18 2 5 2
35 14 2 4
59 36 1 1
69 100 5 2
36 66 4 4
48 59 3 1
99 9 4 3
6 93 1 1
24 15 5 4
55 35 5 2
65 57 2 1
5 20 3 3
80 62 3 1
18 91 4 2
55 2 3 5
34 59 2 3
85 26 3 4
19 12 2 1
61 81 5 1
57 41 2 3
100 12 2 2
100 62 2 5
12 30 4 4
69 19 1 1
4 72 3 4
41 8 2 3
39 34 3 4
89 80 4 3
61 54 5 4
2 92 5 1
64 7 1 2
43 4 1 3
81 86 3 4
33 82 4 1
39 52 2 4
95 1 5 4
76 88 3 1
26 57 1 5
65 55 2 3
34 25 4 1
56 23 2 5
5 30 3 5
34 37 4 1
5 88 1 3
78 48 2 1
33 43 3 5
72 52 4 3
94 3 3 5
20 9 3 2
85 14 1 1
71 34 3 4
35 81 3 5
73 90 1 1
74 75 3 2
91 11 2 4
83 70 5 5
43 57 1 2
3 73 1 5
44 24 3 5
48 22 5 2
48 70 4 5
2 69 5 3
22 61 5 2
81 86 4 2
85 31 5 1
37 27 1 1
18 30 3 4
96 86 2 5
16 72 3 1
4 68 2 1
3 22 3 3
23 34 1 3
9 68 4 5
95 98 1 4
79 88 1 5
1 76 2 1
96 49 4 1
40 5 2 5
31 54 1 1
93 13 5 3
39 94 3 2
75 69 5 5
52 75 3 4
67 89 4 3
55 25 3 3
89 71 2 1
97 30 1 5
29 61 4 1
27 73 1 5
72 81 3 3
16 40 5 3
61 49 2 1
33 21 1 1
79 13 3 1
51 87 1 5
32 22 2 1
93 45 3 2
5 24 1 4
46 15 4 5
28 51 2 4
14 78 2 1
12 26 4 5
34 66 3 5
38 24 5 1
49 53 4 4
95 11 3 5
74 98 5 4
87 37 3 4
30 96 2 3
42 70 5 2
8 97 3 2
51 44 2 2
63 83 4 3
55 99 3 5
29 77 2 5
73 1 3 5
59 19 2 3
66 41 2 2
13 96 1 4
67 6 1 3
71 68 4 1
84 54 5 4
20 25 5 4
71 99 3 4
68 42 4 1
22 28 2 2
13 11 2 1
1 22 5 3
51 32 1 1
100 25 3 3
38 28 2 1
42 48 2 3
29 8 2 3
34 10 2 2
77 19 1 2
73 5 3 1
80 73 5 3
76 65 1 1
95 76 4 3
100 30 1 4
37 56 2 2
86 14 3 2
57 41 4 1
11 83 3 3
77 17 5 1
69 97 5 3
39 59 5 4
77 8 5 3
62 82 1 2
97 79 2 4
52 29 5 5
55 19 4 2
68 58 2 5
56 34 3 3
59 36 3 2
48 81 2 1
25 44 5 1
60 39 1 1
57 42 89333 89600
35 51 1 4
77 35 4 3
18 35 5 2
43 92 4 1
61 65 2 5
28 95 3 4
94 52 3 2
84 85 4 3
2 62 4 1
67 82 3 3
74 99 5 4
56 55 3 5
36 87 4 1
8 13 4 2
33 34 2 1
44 85 5 1
54 24 2 2
92 52 1 1
17 7 2 1
22 47 3 4
85 28 5 4
30 32 4 4
24 7 3 5
44 27 4 5
67 56 3 1
97 36 1 1
48 59 1 5
82 14 5 2
45 75 1 1
95 46 5 5
61 51 5 1
62 93 2 3
76 81 4 1
1 52 3 4
75 73 2 3
80 91 2 2
19 75 1 5
87 73 1 5
29 83 3 1
38 58 3 2
19 14 5 4
91 60 5 3
34 68 2 1
83 78 5 5
36 42 2 4
10 93 1 1
20 38 5 3
78 5 4 1
57 22 2 2
6 13 4 2
16 57 2 2
27 30 3 2
59 51 1 2
40 67 3 3
47 84 5 2
100 35 5 4
22 37 1 1
48 34 2 1
4 72 5 1
86 78 1 1
29 52 5 4
65 92 5 2
68 49 5 1
33 4 1 2
9 31 2 4
91 17 3 2
25 69 4 5
70 5 4 5
19 12 5 3
57 69 1 5
96 43 1 3
88 97 4 2
8 40 4 3
45 41 5 1
63 53 1 1
29 76 2 4
40 37 3 1
31 39 4 5
48 64 1 2
37 2 5 3
99 87 4 1
8 46 2 2
78 17 1 5
96 26 2 4
71 31 4 1
9 84 4 3
58 82 5 3
100 16 5 4
20 35 4 5
2 86 2 3
10 74 1 2
62 81 2 3
96 8 5 4
59 28 5 2
2 5 3 1
65 25 5 5
75 34 3 5
10 2 3 4
45 68 1 2
11 78 3 1
59 78 3 2
100 99 3 3
29 4 3 5
8 73 4 4
36 18 5 3
6 80 3 4
13 54 1 1
40 67 4 2
69 65 4 5
63 59 5 4
8 91 1 1
36 39 1 2
17 48 4 5
29 54 5 5
54 74 1 1
2 24 4 1
50 72 3 2
89 26 4 5
61 39 5 4
55 52 4 2
73 98 4 4
64 13 3 5
93 25 3 2
61 50 5 5
33 49 3 5
94 90 5 1
34 41 3 2
45 8 4 3
93 24 5 1
82 28 5 1
81 77 2 5
75 59 3 4
67 56 2 1
95 36 1 4
39 72 80919 88599
95 38 1 5
97 78 5 4
42 12 5 2
64 71 5 2
17 1 4 1
83 8 5 3
81 74 3 2
8 76 2 3
6 37 5 2
15 93 4 1
89 39 2 4
99 97 3 3
41 76 5 3
31 33 5 1
2 32 2 2
50 41 3 5
75 55 2 5
2 46 2 3
67 68 5 4
32 76 3 3
54 65 2 2
68 70 4 2
81 42 4 1
2 74 2 3
70 77 5 1
73 20 2 3
79 92 4 4
92 19 3 2
36 70 2 2
18 14 5 4
22 83 2 5
60 32 5 4
58 35 3 3
61 48 2 3
9 2 2 2
2 30 2 3
64 59 3 2
40 78 5 4
13 26 5 5
36 98 3 2
92 83 2 1
31 18 2 2
78 69 1 3
89 76 2 2
27 92 2 2
52 59 1 3
88 21 2 2
82 2 5 5
29 70 1 4
20 94 2 4
29 63 2 4
49 35 2 3
63 2 3 4
52 6 3 5
95 87 2 5
77 57 1 1
77 92 1 5
32 88 4 5
23 9 1 5
84 64 3 2
66 56 5 3
65 14 3 3
28 39 4 3
45 87 1 5
10 71 2 1
81 52 3 2
25 75 1 5
52 98 2 5
50 26 4 1
20 4 1 5
49 46 4 2
87 69 4 4
62 4 3 5
41 2 4 5
90 19 2 4
11 75 4 2
9 15 5 3
77 64 5 5
60 48 5 4
48 14 5 2
14 38 1 4
67 94 2 3
70 77 1 2
27 85 1 4
63 4 2 4
52 78 5 5
71 28 89081 82986
23 44 1 1
46 57 2 1
82 35 3 5
42 45 5 3
93 82 4 4
43 72 1 1
47 43 4 1
23 57 5 2
28 12 2 1
80 36 1 1
21 40 1 4
41 55 5 3
25 69 3 1
15 6 3 3
24 27 3 4
9 11 2 1
26 61 4 5
73 23 1 2
38 54 3 1
9 63 3 5
84 17 4 1
93 85 3 5
18 17 5 2
13 39 2 2
4 9 4 5
61 25 5 1
90 54 2 1
85 6 1 5
60 90 2 4
1 63 1 5
82 63 4 3
100 32 5 5
68 91 2 4
14 5 3 5
18 11 5 4
77 66 5 5
76 41 89870 85716
90 34 4 2
29 54 3 1
44 33 3 3
54 13 5 3
79 2 2 1
53 92 3 3
77 96 4 1
95 91 5 3
50 17 3 4
22 37 3 1
53 3 5 2
49 71 5 5
30 95 2 3
91 24 3 5
72 38 4 3
72 47 3 5
39 64 3 5
62 8 4 5
23 8 5 2
44 65 1 4
84 88 2 1
7 16 5 2
30 62 4 1
94 30 5 1
98 17 1 4
28 83 4 3
92 51 2 2
14 36 5 1
93 4 5 4
12 61 1 3
63 56 5 1
39 83 3 2
48 4 3 5
35 52 2 4
6 1 5 2
18 92 4 4
87 72 5 1
84 59 2 1
74 38 1 5
42 74 3 3
66 42 2 4
46 71 1 5
7 52 2 3
96 81 4 3
100 5 1 3
57 16 2 5
63 56 2 1
76 81 4 2
21 15 2 3
65 21 1 3
20 9 1 2
44 98 3 5
49 20 4 5
45 59 3 3
58 88 1 4
26 99 5 2
29 71 2 5
1 79 5 5
17 67 1 3
67 71 4 2
99 59 4 3
59 2 1 3
79 44 5 3
5 47 3 5
4 75 5 1
79 75 3 1
41 82 2 4
66 37 4 3
24 86 2 4
100 5 2 3
29 67 5 4
52 83 4 3
35 7 3 2
12 71 3 2
26 78 5 4
23 90 1 5
65 15 2 4
73 21 2 3
11 90 4 1
26 9 4 5
39 53 1 3
78 50 5 3
99 53 5 3
43 46 5 1
70 59 3 3
84 14 1 3
16 2 5 4
51 85 5 4
48 80 3 4
52 6 2 5
71 73 1 3
28 38 1 2
37 90 2 3
46 26 1 3
1 24 1 2
71 16 2 4
91 30 2 1
46 82 2 5
45 93 3 2
99 80 2 1
63 36 1 4
11 26 4 1
28 62 5 5
67 49 3 2
30 94 2 5
17 33 4 2
51 87 3 3
12 63 5 5
64 39 3 1
16 61 1 1
70 49 3 1
36 89 5 2
6 77 3 2
48 46 5 3
60 52 1 4
30 53 4 2
15 32 5 1
36 46 2 2
41 31 5 1
78 10 3 1
27 36 4 1
42 17 4 3
12 13 3 4
21 6 5 5
63 66 2 2
35 26 2 4
41 70 3 1
63 71 3 5
43 36 3 1
2 33 2 5
61 3 1 2
75 52 4 5
87 57 5 3
13 57 83742 87880
90 58 2 4
85 24 3 3
53 27 4 4
99 36 4 5
6 8 1 5
15 83 3 2
28 69 5 3
5 18 1 4
88 51 2 2
9 93 1 5
8 75 4 5
87 45 1 1
13 75 1 5
3 51 2 3
79 26 2 2
44 89 1 3
9 26 4 1
45 76 2 2
19 10 4 4
79 51 4 2
66 57 4 1
69 13 5 5
16 2 2 2
75 93 1 3
74 9 2 1
85 18 3 2
7 2 1 2
4 57 5 2
11 47 1 4
40 88 5 3
82 81 4 1
39 72 3 2
87 32 1 3
22 36 1 5
80 87 4 2
43 1 1 1
18 19 2 3
73 95 2 2
28 89 1 2
66 70 5 1
16 52 4 5
43 96 4 1
70 22 3 3
5 29 4 5
40 47 4 3
29 97 5 1
4 3 3 1
35 29 5 1
60 80 4 1
19 72 4 1
38 75 5 5
49 12 2 3
82 59 4 5
5 87 2 2
90 69 2 4
97 4 1 5
10 100 2 5
74 63 1 2
38 57 3 1
48 36 5 1
55 52 5 1
49 2 5 5
16 4 1 1
57 35 1 3
20 19 2 2
95 90 3 5
61 30 1 4
26 41 4 4
93 12 1 1
33 48 2 4
3 87 5 4
97 8 4 1
87 5 2 4
43 57 1 1
61 100 4 1
48 21 3 5
38 88 5 3
26 77 4 1
41 75 5 4
13 61 4 4
91 73 5 5
38 87 5 2
40 95 1 3
76 54 89774 87504
45 70 4 5
59 45 2 3
9 47 4 5
5 78 2 2
83 55 5 2
81 74 1 5
9 36 4 4
28 1 5 2
26 35 1 3
38 48 2 5
20 86 1 1
71 12 1 1
62 10 4 5
35 14 4 4
32 60 4 4
91 40 4 4
26 1 4 4
87 76 4 1
56 19 4 2
37 82 2 2
43 88 5 1
36 94 2 1
3 55 3 2
75 30 1 5
92 95 5 4
28 95 2 2
78 5 5 2
83 34 2 1
21 58 1 1
84 45 2 5
6 8 5 5
68 48 1 2
74 72 2 2
53 34 3 3
28 71 1 5
87 62 3 4
8 79 5 3
83 80 5 5
65 89 2 5
83 63 1 5
65 6 1 5
22 38 4 3
15 74 2 2
82 68 2 4
10 14 1 3
58 49 2 1
32 83 5 3
59 86 3 4
42 49 3 1
67 95 3 3
61 46 4 4
38 31 4 3
23 27 1 4
21 40 2 4
8 32 4 2
55 15 4 1
54 72 5 1
39 64 1 5
40 84 5 3
35 96 5 1
88 45 2 5
81 51 4 1
93 100 4 1
77 82 1 4
63 24 1 2
86 16 5 5
100 77 1 2
7 80 5 2
75 83 2 2
23 20 1 3
88 12 5 2
67 84 1 1
89 88 4 5
96 99 4 4
30 27 1 2
81 61 1 2
31 79 5 4
39 82 4 2
42 69 4 2
15 78 4 3
57 34 2 2
61 60 2 1
1 10 4 5
81 26 1 5
26 51 2 3
31 5 5 4
30 35 3 2
67 37 5 4
48 28 4 2
72 83 5 1
65 81 2 5
21 3 4 1
79 33 4 2
91 67 3 2
33 42 4 4
48 82 2 3
75 48 3 4
96 100 2 3
52 67 4 3
47 76 1 3
82 5 3 4
75 62 5 5
84 36 1 5
66 10 5 4
71 75 1 3
32 86 2 1
84 23 3 3
99 46 5 3
38 11 1 2
53 28 1 1
13 54 3 2
28 16 3 4
15 67 2 3
86 47 3 4
94 27 1 3
90 32 3 2
57 6 5 3
80 81 5 5
100 3 2 3
24 55 1 4
20 84 3 5
96 12 3 3
92 29 3 4
46 54 4 5
85 76 4 2
10 57 3 3
53 98 3 2
59 74 2 4
87 77 4 3
58 97 2 1
49 34 1 1
50 62 1 4
1 38 5 4
39 38 2 3
68 60 4 1
32 69 4 3
52 28 5 2
58 47 5 4
60 12 1 2
69 67 4 3
90 99 5 1
34 54 3 2
93 59 3 2
72 49 3 2
58 90 2 2
54 32 3 2
59 23 2 3
71 6 2 1
54 19 3 3
18 34 3 5
41 69 5 1
100 8 2 5
67 56 5 1
12 82 5 3
38 57 3 1
41 68 1 5
25 31 2 5
33 8 2 3
51 2 4 1
67 4 5 2
86 14 4 2
58 39 1 3
12 42 2 3
78 32 1 4
31 61 3 1
20 44 3 3
33 90 5 3
84 63 4 4
63 13 2 2
30 14 2 2
72 11 5 1
72 15 3 5
82 22 2 3
55 31 3 2
32 2 3 5
7 87 1 2
74 21 1 1
5 60 3 4
57 98 2 4
7 6 2 3
37 47 3 2
96 4 2 1
64 78 1 4
11 39 1 4
99 44 4 4
16 57 5 4
57 78 3 2
21 35 1 4
31 89 3 5
67 58 3 4
76 36 1 4
82 60 1 1
81 52 4 2
88 39 5 4
57 30 5 5
20 76 4 1
95 89 1 1
80 59 2 5
7 9 4 3
71 62 2 2
56 60 4 3
14 48 2 2
72 17 4 2
70 44 4 5
80 5 1 5
35 47 5 4
82 95 5 4
6 23 2 5
94 46 1 1
14 15 3 4
86 1 1 1
97 6 2 3
32 21 4 4
91 47 1 4
27 20 5 3
12 47 2 4
55 70 4 1
94 34 2 4
93 40 1 3
7 17 3 5
66 71 2 1
58 78 4 3
1 24 3 5
10 74 4 3
43 90 5 1
44 40 4 4
86 94 4 5
50 38 2 3
60 39 5 2
58 1 3 2
60 9 4 3
59 85 3 5
10 6 1 2
10 36 5 5
84 18 1 4
7 51 2 5
74 67 5 2
83 74 4 5
19 74 5 5
39 18 3 4
64 50 5 2
12 54 3 3
62 20 3 1
12 64 2 5
7 4 1 3
32 55 4 1
68 33 4 2
41 24 5 2
18 32 3 5
12 77 5 1
100 36 2 2
75 88 4 3
29 17 3 1
12 55 3 3
35 41 3 1
53 30 3 4
12 51 3 1
50 54 5 3
43 67 4 2
97 47 5 2
69 97 5 3
1 83 2 3
67 89 5 5
34 15 3 2
45 74 3 4
44 13 4 2
92 38 3 4
78 79 5 2
87 5 4 2
96 45 5 5
76 10 4 4
50 47 5 4
92 79 2 5
99 28 1 1
89 56 3 4
59 31 3 4
40 74 3 2
9 5 5 4
87 14 5 1
4 100 2 3
58 29 5 4
89 37 5 2
47 12 3 4
63 61 2 3
29 58 5 3
60 66 1 5
26 4 5 5
55 71 1 4
92 4 1 5
8 82 2 4
10 92 1 4
40 45 2 5
47 95 5 2
52 32 3 3
72 87 4 5
80 73 4 3
27 65 4 1
11 34 2 2
7 33 3 5
70 80 2 1
84 10 2 2
22 20 4 1
31 55 2 1
50 79 5 2
79 16 5 1
25 84 3 4
22 32 4 4
12 5 4 3
69 25 3 2
70 44 3 3
71 7 1 3
34 13 1 3
25 98 3 3
35 45 4 5
83 65 1 2
66 59 1 4
2 73 2 2
100 56 3 4
64 53 3 2
15 69 5 4
98 70 1 1
87 4 5 3
74 45 1 2
79 40 4 3
86 8 2 4
58 60 5 5
21 5 5 1
58 36 1 4
76 93 1 3
90 19 1 3
71 20 5 1
5 17 1 5
100 51 4 3
83 11 2 5
90 74 4 5
28 45 1 4
11 42 5 3
32 6 3 5
24 40 1 2
2 95 2 4
97 83 4 1
8 98 1 4
38 33 3 4
45 65 4 4
59 36 2 5
45 67 3 2
17 10 1 1
69 66 2 5
39 3 4 3
46 15 1 3
96 80 1 5
14 23 3 2
1 28 4 2
31 43 3 4
39 61 3 4
15 79 5 1
46 36 2 5
16 58 4 1
50 19 1 1
53 65 5 4
19 81 3 5
7 19 2 4
38 18 3 5
86 60 1 5
39 42 2 2
95 78 2 4
88 80 1 5
48 97 5 3
15 43 1 5
97 77 5 3
91 30 1 4
90 6 1 3
23 35 4 4
78 56 2 2
24 70 2 4
9 63 5 3
90 52 3 1
1 77 2 2
86 68 2 4
50 18 1 5
76 73 2 3
35 44 5 4
14 79 2 5
1 58 2 4
52 42 2 3
36 49 5 5
61 36 5 5
100 53 4 5
74 93 5 1
83 80 5 2
96 100 4 1
66 62 5 1
80 12 4 2
72 26 1 3
77 43 5 2
93 12 4 1
55 1 3 5
47 50 5 4
5 77 3 3
10 63 1 2
79 8 5 4
96 36 1 4
75 2 3 3
40 83 4 1
94 93 4 1
7 40 4 5
4 94 5 3
14 76 3 4
51 6 2 1
32 14 4 1
18 50 5 5
68 46 5 2
80 68 5 5
32 4 5 3
44 23 4 1
59 33 2 1
70 72 5 3
48 85 1 2
65 77 5 2
97 25 1 2
45 8 2 2
2 67 4 2
95 44 1 2
68 48 2 4
96 22 2 2
97 21 3 4
73 37 2 1
48 21 5 3
14 95 1 1
44 52 2 3
98 90 5 3
92 48 2 4
41 38 1 3
95 16 5 2
83 78 4 1
68 41 1 4
63 13 5 4
1 29 3 2
17 6 2 4
86 95 89851 86658
57 38 3 4
94 100 4 5
53 87 85848 88694
80 30 5 4
98 87 3 5
37 80 4 2
17 88 5 2
80 30 4 5
24 59 4 3
53 16 5 4
45 67 4 5
46 55 4 2
55 85 2 4
72 98 5 4
64 51 4 3
15 29 5 4
55 17 4 2
85 25 5 4
53 13 2 5
25 13 5 2
51 71 1 4
51 65 5 3
34 42 2 5
21 60 5 2
14 26 1 3
48 42 4 5
31 70 5 2
93 36 2 4
97 74 3 5
68 36 1 5
83 1 1 2
35 91 1 4
30 74 3 5
19 94 5 3
73 71 4 1
86 83 5 2
96 40 4 1
19 81 1 5
42 100 5 1
24 75 5 4
50 33 4 3
13 71 2 2
62 93 1 2
49 3 2 2
87 2 5 1
36 80 2 5
74 88 1 5
100 72 3 1
59 14 4 5
77 69 3 5
59 81 5 5
67 60 2 2
9 26 1 3
43 87 1 4
39 29 5 1
79 59 1 1
84 78 2 3
52 47 4 5
13 35 4 2
43 13 5 3
59 9 1 5
83 20 1 3
12 40 4 3
87 48 3 4
90 63 4 4
77 45 4 2
94 60 5 2
72 1 3 3
21 77 5 1
62 39 5 5
50 31 1 3
100 81 1 4
81 33 4 5
29 44 3 4
33 67 1 1
24 16 2 1
2 77 3 2
45 22 3 4
56 66 1 1
58 65 2 1
6 62 4 2
63 62 1 1
57 10 5 4
97 90 1 1
7 72 1 4
97 53 4 2
40 63 5 1
29 32 1 2
56 9 1 5
15 6 5 1
81 85 5 2
90 85 3 1
79 31 4 1
55 8 2 2
79 7 1 3
5 88 1 4
87 14 3 1
16 21 5 2
60 97 5 3
17 84 1 4
21 75 4 1
91 54 2 4
8 96 5 5
43 23 2 2
16 8 4 1
74 1 4 5
54 59 3 5
36 16 4 4
25 1 2 5
76 73 2 4
98 10 1 1
82 72 2 3
92 15 3 1
92 6 1 4
52 4 4 5
92 10 5 2
57 42 2 1
56 42 1 3
27 73 1 4
94 62 3 3
53 98 2 5
92 2 2 1
80 53 2 1
74 17 1 3
57 79 4 1
35 14 2 3
41 55 2 5
15 45 3 5
33 13 2 2
25 60 3 5
20 87 1 1
28 36 2 4
95 23 1 4
99 42 3 3
70 82 1 3
76 4 1 4
35 89 4 4
8 87 5 1
64 31 4 3
44 84 3 3
7 36 3 3
7 31 3 4
28 100 2 1
98 21 2 4
80 35 3 3
100 77 2 5
29 92 2 2
51 5 2 3
50 33 5 3
13 9 2 4
77 22 1 5
89 92 1 4
2 29 1 5
15 74 3 5
99 15 5 5
80 40 3 1
95 8 5 3
75 89 1 4
68 73 5 1
88 43 3 2
4 2 1 2
98 59 2 5
28 34 1 4
41 52 5 5
6 17 2 2
76 77 3 5
26 14 3 1
99 53 3 2
60 79 1 2
31 81 1 4
62 72 3 4
20 51 1 5
80 24 1 4
96 46 1 2
13 35 4 4
94 7 3 1
16 72 3 4
98 97 3 2
64 37 2 1
25 2 4 1
24 72 1 3
73 10 2 4
74 31 3 2
64 100 3 1
24 34 3 1
77 95 1 4
69 90 4 2
84 21 3 2
21 96 1 4
64 96 1 4
53 7 3 5
38 73 5 3
22 69 3 1
13 31 2 3
28 86 2 3
88 68 4 2
36 15 3 1
51 93 2 3
55 77 4 1
45 96 1 3
40 4 2 1
40 82 5 3
22 75 5 3
71 86 3 4
99 25 2 3
13 3 1 3
47 42 3 5
68 24 2 2
71 49 3 3
93 48 4 2
60 36 3 1
72 81 1 3
78 99 3 1
68 28 4 5
90 44 2 1
57 49 1 5
79 66 4 3
84 76 3 3
51 62 5 2
20 27 1 2
60 6 3 3
95 16 2 4
77 3 5 1
33 23 2 1
66 69 4 4
47 33 3 1
84 43 1 2
52 10 4 1
85 68 3 3
35 74 1 2