50 100 1244
20 39 44 1
9 23 8 1
38 9 33 1
42 38 18 1
46 27 22 1
11 30 15 1
26 8 46 1
13 8 33 1
46 22 5 1
44 43 32 1
1 39 43 1
27 29 23 1
6 41 16 1
20 26 45 1
34 38 47 1
46 42 42 1
14 4 8 1
47 8 48 1
47 3 24 1
31 49 36 1
2 10 32 1
5 49 45 1
46 15 24 1
6 49 2 1
6 24 45 1
21 7 10 1
30 29 25 1
14 48 16 1
7 30 11 1
29 16 24 1
31 41 36 1
39 25 45 1
40 19 37 1
28 33 37 1
8 29 22 1
44 41 41 1
2 30 6 1
3 36 50 1
22 36 10 1
30 21 20 1
39 10 17 1
43 21 50 1
49 38 43 1
28 22 29 1
2 38 4 1
24 31 46 1
16 27 46 1
47 11 36 1
3 13 6 1
12 39 33 1
32 21 14 1
50 6 34 1
10 25 13 1
26 36 40 1
22 6 25 1
18 50 30 1
39 23 20 1
44 17 43 1
23 35 33 1
10 41 30 1
21 33 46 1
18 40 40 1
45 46 13 1
46 44 35 1
17 4 10 1
20 38 43 1
22 29 32 1
20 19 41 1
2 15 20 1
5 22 49 1
18 22 13 1
15 3 32 1
6 2 26 1
39 44 11 1
23 42 42 1
11 3 12 1
32 22 40 1
12 32 27 1
35 17 40 1
18 49 7 1
42 32 14 1
24 9 34 1
11 37 29 1
5 28 44 1
17 21 29 1
3 20 37 1
36 13 4 1
11 41 3 1
23 27 46 1
35 22 46 1
9 26 13 1
3 24 20 1
45 7 48 1
27 3 13 1
15 11 26 1
1 25 23 1
1 45 36 1
17 48 25 1
24 4 26 1
28 45 23 1