75 74 19876
1 26 100 99
2 66 99 100
3 16 99 100
4 49 100 100
5 32 100 99
6 53 100 91
7 38 99 98
8 68 100 100
9 24 100 100
10 23 100 99
11 35 98 99
12 50 99 99
13 54 100 99
14 10 100 100
15 45 99 100
16 75 96 100
17 8 99 100
18 25 95 99
19 57 98 99
20 3 100 100
21 5 99 100
22 9 100 99
23 72 99 100
24 30 99 98
25 44 98 99
26 15 97 97
27 19 99 100
28 55 99 100
29 27 100 99
30 14 98 100
31 67 100 99
32 74 99 92
33 2 95 100
34 65 99 100
35 42 99 99
36 28 99 99
37 7 99 99
38 59 100 100
39 18 99 100
40 6 98 100
41 11 96 100
42 4 98 100
43 52 96 100
44 48 97 99
45 64 100 100
46 69 100 100
47 63 100 100
48 12 99 100
49 40 100 100
50 29 99 99
51 60 100 94
52 21 97 100
53 56 100 98
54 37 100 100
55 73 99 97
56 51 100 98
58 33 100 100
59 71 99 99
60 62 100 100
61 36 99 93
62 20 98 99
63 58 99 100
64 17 100 99
65 47 100 98
66 61 100 99
67 34 99 99
68 39 100 99
69 43 100 100
70 41 100 98
71 1 98 100
72 31 100 100
73 70 100 100
74 13 96 91
75 46 99 99