400
16839
5759
10114
17516
31052
5628
23011
7420
16213
4087
2750
12768
9085
12061
32226
17544
25090
21184
25138
25567
26967
4979
20496
10312
11368
30055
17032
13146
19883
25737
30525
28506
28395
22103
24852
19068
12755
11654
6562
27097
13629
15189
32086
4144
6968
31407
24166
13404
25563
24835
31354
921
10445
24804
7963
19319
1423
31328
10458
1946
14480
29984
18752
3895
18671
8260
16249
7758
15630
13307
28607
13991
11739
12517
1415
5263
17117
22826
3182
13135
25344
8023
11234
7537
9761
9980
29072
1202
21337
13062
22161
24006
30730
7645
27476
31694
25515
14140
22089
26522
5203
9172
4435
28318
24583
6816
4587
9654
26307
7175
18452
23449
6474
32435
8194
14111
24749
28211
29321
32050
12957
14163
4167
14998
7794
32311
21392
19800
7927
14906
25886
2583
15611
5001
8053
30966
20121
32381
15640
26205
24386
12476
15726
17266
3215
19472
11377
4698
25544
23298
14620
23088
3124
31550
18066
24257
18974
20902
25614
6158
9900
9268
22414
9599
18527
13712
10047
14567
18537
15989
19879
13627
4274
8388
1172
32018
3753
12389
21192
11484
18123
11745
18529
15586
5364
20160
5642
18177
9576
28579
27364
27686
29345
19490
17714
5512
21462
22627
8646
3497
26704
6271
13871
11530
27500
4501
8608
5809
15726
12458
16543
16475
11532
17223
3953
17025
19895
24016
18248
11277
26279
19366
8747
21977
18093
25852
29089
29164
2232
26234
29733
21107
5412
9875
5449
9345
27590
17575
1192
6790
696
11736
20365
17041
17893
5036
26980
1093
851
12391
20196
669
20532
29990
12282
23903
12971
32187
19572
3681
7262
26188
28530
24191
447
24234
13709
11864
6682
6002
2500
3787
5215
25830
1323
25908
19629
13193
7506
5991
20130
10876
19830
31592
12389
6043
9834
1776
4720
343
28995
31393
20510
31314
20678
1283
11512
4796
3475
6470
2751
880
30990
30135
29753
28365
4881
5630
2236
21333
24146
3357
5244
3080
3989
808
24980
31358
915
21188
3541
14023
10150
610
29010
24834
16697
5433
25000
28864
16370
28677
24078
7702
1692
19841
28704
16516
22230
32421
19818
16265
19325
29344
1463
28930
3547
17044
18968
326
12684
15635
6323
16643
25396
11613
22865
29911
21986
23127
13989
686
6979
31051
16477
6366
21127
4194
8682
11012
23059
1250
31248
24732
28651
20775
7981
20834
27869
7779
23625
11116
1646
15893
29409
7940
17286
16203
28019
11335
4059
7063
3785
11902
6685
14290
27142
16703
26854
13459